3.166517019271850586e-01
-5.288728475570678711e-01
1.498302966356277466e-01
7.242058515548706055e-01
6.040247678756713867e-01
-3.756467700004577637e-01
-3.404058516025543213e-01
-2.849265635013580322e-01
2.518928237259387970e-02
4.344868287444114685e-02
-1.153220415115356445e+00
8.589234203100204468e-02
-6.411609649658203125e-01
6.805330514907836914e-02
-3.879770338535308838e-01
-2.216974645853042603e-01
-7.336073517799377441e-01
3.804733231663703918e-02
-4.879273846745491028e-02
-4.860332608222961426e-01
3.171859383583068848e-01
-2.292465716600418091e-01
9.114379286766052246e-01
6.880354285240173340e-01
2.864302694797515869e-01
-9.903855621814727783e-02
1.456261277198791504e-01
2.092823833227157593e-01
-8.181249499320983887e-01
-8.159634470939636230e-01
