-9.032382816076278687e-02
-1.755099445581436157e-01
1.841496974229812622e-01
3.138853907585144043e-01
-2.773218415677547455e-02
-8.096616715192794800e-02
-6.936410814523696899e-02
2.270022779703140259e-01
-1.059961766004562378e-01
-3.931882083415985107e-01
1.735942959785461426e-01
-1.768176406621932983e-01
-3.353393077850341797e-01
-2.307114750146865845e-01
-1.965644955635070801e-01
-2.300097048282623291e-01
-2.279441505670547485e-01
2.316358536481857300e-01
1.848547011613845825e-01
3.802390992641448975e-01
1.144567877054214478e-01
3.200668692588806152e-01
2.134139090776443481e-01
-2.545425295829772949e-01
-4.167807400226593018e-01
-3.471091622486710548e-03
3.137490451335906982e-01
-1.904875040054321289e-01
-1.304955929517745972e-01
-2.633245661854743958e-02
