-1.957845836877822876e-01
-1.584353484213352203e-02
-3.071479201316833496e-01
-3.112467825412750244e-01
-8.435218781232833862e-02
-2.050941884517669678e-01
-6.121111512184143066e-01
-3.066124618053436279e-01
-3.097263872623443604e-01
-3.915650546550750732e-01
-6.134128943085670471e-02
3.844480216503143311e-01
-7.771144062280654907e-02
6.489306688308715820e-02
1.796362698078155518e-01
-7.774980366230010986e-02
3.311145007610321045e-01
4.122897982597351074e-01
1.456966390833258629e-03
-4.808257222175598145e-01
-2.605643570423126221e-01
6.072704195976257324e-01
-2.931701242923736572e-01
-1.223017498850822449e-01
1.477040350437164307e-01
-3.285515606403350830e-01
-5.382330417633056641e-01
-3.456639051437377930e-01
7.172098755836486816e-02
-2.338480055332183838e-01
