5.362540483474731445e-01
-6.150623559951782227e-01
8.940827846527099609e-01
2.327204495668411255e-01
3.815774619579315186e-01
-4.487690627574920654e-01
3.647490739822387695e-01
-7.568601369857788086e-01
-7.145907878875732422e-01
7.034252882003784180e-01
-4.129568040370941162e-01
1.497295591980218887e-02
1.459952592849731445e-01
8.730342984199523926e-02
-6.617826223373413086e-01
-1.885808557271957397e-01
8.580136895179748535e-01
8.425492048263549805e-01
-5.937567353248596191e-01
7.382561564445495605e-01
-7.982301115989685059e-01
2.089211344718933105e-01
-3.869199454784393311e-01
-4.994264841079711914e-01
-7.780955433845520020e-01
-6.578674912452697754e-01
-7.407886981964111328e-01
1.122676014900207520e+00
8.283391594886779785e-01
1.133429288864135742e+00
