-3.923497796058654785e-01
4.448129236698150635e-01
-2.870014309883117676e-01
-3.340564072132110596e-01
-6.795893311500549316e-01
3.870019018650054932e-01
9.766041487455368042e-02
-7.677925825119018555e-01
-4.312346279621124268e-01
-1.610674411058425903e-01
5.154398679733276367e-01
-4.422297179698944092e-01
2.761102616786956787e-01
9.384271502494812012e-02
3.586494028568267822e-01
9.002186059951782227e-01
-5.205585956573486328e-01
-2.151058018207550049e-01
-6.956884264945983887e-01
-2.259479761123657227e-01
-4.502967596054077148e-01
4.938150644302368164e-01
-2.716522514820098877e-01
6.280730962753295898e-01
-3.537195324897766113e-01
-7.067252397537231445e-01
3.064154386520385742e-01
-8.256307244300842285e-01
-9.379755258560180664e-01
-1.637768000364303589e-01
