-2.154744714498519897e-01
1.539291739463806152e-01
-3.934860527515411377e-01
-6.607909202575683594e-01
4.192189872264862061e-01
-2.113508582115173340e-01
-2.094650119543075562e-01
-4.685240685939788818e-01
-4.347848892211914062e-02
-4.366309195756912231e-02
-5.442137122154235840e-01
-2.518485486507415771e-01
-2.429725676774978638e-01
4.388564266264438629e-03
-4.650949537754058838e-01
-2.234842479228973389e-01
-6.440480947494506836e-01
-1.606200188398361206e-01
5.331839919090270996e-01
-9.633707255125045776e-02
1.954293996095657349e-01
2.565098106861114502e-01
5.244111418724060059e-01
-1.849280893802642822e-01
6.483373045921325684e-02
-5.662885904312133789e-01
4.157984554767608643e-01
-1.150962561368942261e-01
4.316371083259582520e-01
1.449825316667556763e-01
