8.839379251003265381e-02
-1.344489604234695435e-01
2.315414994955062866e-01
1.434838864952325821e-02
-2.276190966367721558e-01
-2.628233134746551514e-01
-2.591487765312194824e-01
6.430688500404357910e-02
3.951936494559049606e-03
-3.353292867541313171e-02
-5.377375483512878418e-01
1.862126030027866364e-02
-7.799535244703292847e-02
-6.600335985422134399e-02
-2.644633054733276367e-01
7.451135516166687012e-01
1.991556584835052490e-01
-8.598336577415466309e-02
2.016352713108062744e-01
2.757340669631958008e-01
-2.049583196640014648e-01
-2.106674909591674805e-01
3.525372445583343506e-01
-9.847874939441680908e-02
9.419913589954376221e-02
1.496479660272598267e-01
-3.146352767944335938e-01
8.346719145774841309e-01
4.318688213825225830e-01
3.393896222114562988e-01
