-1.657369732856750488e-01
-1.046926602721214294e-01
4.870962500572204590e-01
1.391023248434066772e-01
3.643066883087158203e-01
-7.126589417457580566e-01
7.202006876468658447e-02
-3.378391265869140625e-01
-1.621325314044952393e-01
-1.816197782754898071e-01
-2.645028531551361084e-01
1.898512095212936401e-01
-2.241035699844360352e-01
1.735654026269912720e-01
-1.934423446655273438e-01
-8.910133689641952515e-02
2.093417793512344360e-01
2.360769510269165039e-01
3.273342549800872803e-01
-1.867374964058399200e-02
8.405480533838272095e-02
-1.637626439332962036e-01
8.676624298095703125e-01
4.509434998035430908e-01
-6.518639922142028809e-01
4.783946275711059570e-01
-3.655889928340911865e-01
-3.796195983886718750e-01
1.180171370506286621e-01
2.777206301689147949e-01
