-5.243453383445739746e-02
1.002272844314575195e+00
1.929417997598648071e-01
7.415525317192077637e-01
-4.752411544322967529e-01
-6.245014667510986328e-01
-3.624019622802734375e-01
-8.376829028129577637e-01
2.923112511634826660e-01
-3.723469674587249756e-01
8.769336342811584473e-02
1.739988207817077637e+00
-4.396250545978546143e-01
2.814816683530807495e-02
1.172815915197134018e-02
9.910518527030944824e-01
-2.621808946132659912e-01
-8.673334717750549316e-01
1.726484298706054688e-01
4.852744340896606445e-01
-5.957200527191162109e-01
-1.666137017309665680e-03
5.695130825042724609e-01
2.981567680835723877e-01
-5.708931088447570801e-01
1.039182543754577637e+00
2.564557790756225586e-01
3.322987854480743408e-01
6.296460628509521484e-01
-6.758075952529907227e-01
