2.515432983636856079e-02
-3.039794974029064178e-02
-2.549344003200531006e-01
-4.324827715754508972e-02
3.462267667055130005e-02
1.312325894832611084e-01
7.624705880880355835e-02
3.670019209384918213e-01
-2.250172048807144165e-01
-4.594261944293975830e-01
1.270953714847564697e-01
-1.837972253561019897e-01
-4.477359354496002197e-01
1.990582346916198730e-01
-3.514571785926818848e-01
-6.988457441329956055e-01
-2.371809929609298706e-01
1.285036467015743256e-02
-3.333837985992431641e-01
2.848416566848754883e-01
1.219724342226982117e-01
-3.856454789638519287e-01
9.505894780158996582e-02
2.323632836341857910e-01
-6.638770103454589844e-01
-1.054343953728675842e-01
1.628103852272033691e-01
3.919288516044616699e-01
1.728744357824325562e-01
-1.117741987109184265e-01
