2.027571052312850952e-01
-1.900674998760223389e-01
1.412220448255538940e-01
-3.453865051269531250e-01
2.160220593214035034e-01
2.054865062236785889e-01
2.870908081531524658e-01
-4.731548726558685303e-01
9.895040839910507202e-02
-4.789083898067474365e-01
-7.264336943626403809e-01
7.263952493667602539e-01
4.681999087333679199e-01
-8.021147251129150391e-01
4.079079031944274902e-01
4.516305625438690186e-01
1.309616714715957642e-01
-7.951699942350387573e-02
4.534423947334289551e-01
5.619244575500488281e-01
-3.476312160491943359e-01
9.940716624259948730e-02
2.927703596651554108e-02
9.785901904106140137e-01
3.747883141040802002e-01
-2.093586325645446777e-01
-1.175802648067474365e-01
-1.338468044996261597e-01
-3.447638079524040222e-02
-8.531744480133056641e-01
