3.838021159172058105e-01
-2.277485877275466919e-01
-3.827745318412780762e-01
-3.338083028793334961e-01
9.227583557367324829e-02
-2.846553325653076172e-01
3.556703627109527588e-01
-2.510624825954437256e-01
3.845325410366058350e-01
3.684759140014648438e-03
1.533354967832565308e-01
8.406213670969009399e-02
-3.476558029651641846e-01
5.294262766838073730e-01
1.078821897506713867e+00
2.465530633926391602e-01
-4.169320166110992432e-01
-1.779933124780654907e-01
3.973794877529144287e-01
-2.452322281897068024e-02
-3.904798030853271484e-01
-2.988502681255340576e-01
-5.086170136928558350e-02
-3.407931029796600342e-01
3.567411005496978760e-01
-7.503490149974822998e-02
-1.215418279170989990e-01
-6.245563626289367676e-01
6.632660031318664551e-01
2.999531328678131104e-01
