6.450622081756591797e-01
8.419971466064453125e-01
-8.386686444282531738e-01
-9.548056721687316895e-01
6.462323069572448730e-01
-1.981451362371444702e-01
-7.054917812347412109e-01
-1.019587874412536621e+00
2.153921276330947876e-01
1.742120683193206787e-01
-7.321740984916687012e-01
9.469934701919555664e-01
-9.327476620674133301e-01
3.545631766319274902e-01
6.047800183296203613e-01
7.196835279464721680e-01
-4.622968435287475586e-01
1.516401410102844238e+00
-6.511334776878356934e-01
4.901395440101623535e-01
-4.991466552019119263e-02
6.194999217987060547e-01
6.082863211631774902e-01
4.261640906333923340e-01
2.149574458599090576e-01
5.655169486999511719e-01
-1.589234173297882080e-01
3.609033226966857910e-01
4.963219463825225830e-01
4.224605262279510498e-01
