1.018254309892654419e-01
-1.984344422817230225e-01
-6.640381813049316406e-01
4.981898367404937744e-01
1.133863851428031921e-01
-6.337031126022338867e-01
-5.011827349662780762e-01
-2.650066018104553223e-01
-6.952304244041442871e-01
-4.324324727058410645e-01
7.412676811218261719e-01
-1.177079439163208008e+00
5.788066387176513672e-01
-4.701519310474395752e-01
-5.861422419548034668e-02
5.628572106361389160e-01
-4.053098708391189575e-02
2.721205055713653564e-01
-2.605533599853515625e-01
7.132750004529953003e-02
6.885541677474975586e-01
4.254205226898193359e-01
1.066391468048095703e+00
4.191559553146362305e-01
-5.277856588363647461e-01
4.261414706707000732e-01
2.257935404777526855e-01
5.275774598121643066e-01
-3.532086312770843506e-01
2.756866216659545898e-01
