4.204270243644714355e-02
2.397793829441070557e-01
-5.013306140899658203e-01
-4.929532706737518311e-01
1.975327730178833008e-01
-4.740562736988067627e-01
-6.959526538848876953e-01
5.353229865431785583e-02
-2.755531668663024902e-01
-8.892787992954254150e-02
3.381395041942596436e-01
5.268403887748718262e-01
4.502002298831939697e-01
3.004921600222587585e-02
-7.331925034523010254e-01
7.943960428237915039e-01
3.481080383062362671e-02
1.326713413000106812e-01
3.088245093822479248e-01
-6.332652568817138672e-01
-4.875629842281341553e-01
-1.498635858297348022e-01
-3.269264698028564453e-01
-4.080629646778106689e-01
4.660294651985168457e-01
-4.076986610889434814e-01
1.873117089271545410e-01
-3.905960917472839355e-01
1.625972390174865723e-01
2.835399508476257324e-01
