2.490123957395553589e-01
9.074668884277343750e-01
-4.218415021896362305e-01
-1.863214373588562012e-01
1.182541847229003906e+00
-5.417036637663841248e-02
1.501785963773727417e-01
1.177517920732498169e-01
-7.922134995460510254e-01
-7.674233913421630859e-01
-4.441489875316619873e-01
-3.839009627699851990e-02
-5.647189617156982422e-01
-8.745142072439193726e-02
1.217514991760253906e+00
-8.796892762184143066e-01
3.678537011146545410e-01
1.088097169995307922e-01
-2.647696435451507568e-02
2.146396636962890625e-01
-5.748751759529113770e-01
-5.267931222915649414e-01
6.150504350662231445e-01
9.514498710632324219e-01
-1.364804029464721680e+00
-3.550473451614379883e-01
-1.182748824357986450e-01
-3.447053432464599609e-01
3.522420227527618408e-01
5.589988231658935547e-01
