3.942590057849884033e-01
5.247359275817871094e-01
5.572945624589920044e-02
-1.071032881736755371e-01
1.909526288509368896e-01
4.514864087104797363e-01
2.315331995487213135e-01
-1.277135461568832397e-01
-1.538046821951866150e-02
2.628085017204284668e-01
1.810116171836853027e-01
-3.177854716777801514e-01
-1.412041634321212769e-01
-4.287012219429016113e-01
8.410381525754928589e-02
3.549948036670684814e-01
-3.251529037952423096e-01
6.787498593330383301e-01
-3.012369275093078613e-01
2.434108853340148926e-01
2.045966386795043945e-01
-2.264750450849533081e-01
1.275042295455932617e-01
2.584386467933654785e-01
-1.904937922954559326e-01
1.728234626352787018e-02
-3.649986162781715393e-02
-2.016624957323074341e-01
-1.436192393302917480e-01
-2.849317789077758789e-01
