-1.771937906742095947e-01
-1.769054979085922241e-01
-2.391437590122222900e-01
1.877142786979675293e-01
1.095963418483734131e-01
9.422718733549118042e-02
2.787700593471527100e-01
7.672709226608276367e-02
-3.057495057582855225e-01
1.923418194055557251e-01
1.349409520626068115e-01
2.546555101871490479e-01
-3.551081568002700806e-02
2.813287973403930664e-01
-1.096599772572517395e-01
4.142721295356750488e-01
1.923741549253463745e-01
1.361301243305206299e-01
-7.656264305114746094e-02
2.258467487990856171e-02
-1.961822658777236938e-01
9.849102050065994263e-02
2.541342973709106445e-01
-2.771637439727783203e-01
1.698854416608810425e-01
-1.317132860422134399e-01
-1.553958058357238770e-01
3.079187273979187012e-01
-1.978601962327957153e-01
4.534187316894531250e-01
