-7.116634249687194824e-01
-4.498963057994842529e-01
1.101993676275014877e-02
6.680663228034973145e-01
3.488394021987915039e-01
4.013655781745910645e-01
-8.403577208518981934e-01
4.255711734294891357e-01
7.583048343658447266e-01
2.157857865095138550e-01
-1.952609121799468994e-01
1.229810595512390137e+00
2.119306176900863647e-01
-4.542314112186431885e-01
3.306274414062500000e-01
-3.434189558029174805e-01
1.022031784057617188e+00
-1.417935609817504883e+00
-4.859111905097961426e-01
-5.609055757522583008e-01
9.832903742790222168e-02
-2.968225777149200439e-01
2.261335551738739014e-01
-6.023148298263549805e-01
1.912348866462707520e-01
-4.026409089565277100e-01
-6.586762070655822754e-01
-8.015502691268920898e-01
2.350203841924667358e-01
-9.639050960540771484e-01
