6.545057892799377441e-01
5.197511911392211914e-01
5.334516167640686035e-01
-3.579109907150268555e-01
2.221637219190597534e-01
-5.172743797302246094e-01
8.960851430892944336e-01
5.070864558219909668e-01
-5.709502100944519043e-01
-6.239727139472961426e-01
-9.845481067895889282e-02
-2.769101858139038086e-01
-7.344964742660522461e-01
6.709910035133361816e-01
9.702180624008178711e-01
1.991751492023468018e-01
2.862123847007751465e-01
5.825909972190856934e-01
8.585320115089416504e-01
2.032884955406188965e-01
-7.143129110336303711e-01
-6.564255356788635254e-01
6.752357482910156250e-01
2.084470242261886597e-01
-1.124070361256599426e-01
-8.759487867355346680e-01
2.434757649898529053e-01
-1.456376463174819946e-01
4.690517783164978027e-01
3.888006508350372314e-01
