-6.432293653488159180e-01
-6.295084953308105469e-01
-4.839200079441070557e-01
2.431087493896484375e-01
6.713697314262390137e-01
-3.998819589614868164e-01
-4.003470242023468018e-01
-5.617578029632568359e-01
4.550473392009735107e-01
6.707631945610046387e-01
7.138164639472961426e-01
1.448949277400970459e-01
4.026507139205932617e-01
8.039959073066711426e-01
-3.764233738183975220e-02
3.263892233371734619e-01
-6.446987390518188477e-02
6.982101202011108398e-01
-5.616731643676757812e-01
-2.309971451759338379e-01
-3.634302616119384766e-01
-9.314155578613281250e-02
-4.862224161624908447e-01
3.024838119745254517e-02
-1.761104762554168701e-01
-3.555873781442642212e-02
5.637742877006530762e-01
6.420543789863586426e-01
-2.291501462459564209e-01
8.267999887466430664e-01
