4.454944133758544922e-01
2.739380300045013428e-01
-3.133133947849273682e-01
-5.366378277540206909e-02
5.089865922927856445e-01
6.220342516899108887e-01
-1.234611310064792633e-02
-1.948483288288116455e-01
-6.186404228210449219e-01
-2.438601851463317871e-01
4.221360683441162109e-01
1.225447356700897217e-01
-1.256687939167022705e-01
-3.897081613540649414e-01
-2.209718078374862671e-01
-6.159443855285644531e-01
-6.707352399826049805e-01
3.848901987075805664e-01
-3.662076592445373535e-01
5.853596925735473633e-01
-4.410783648490905762e-01
-2.085181623697280884e-01
5.592651367187500000e-01
5.933369994163513184e-01
-3.483095467090606689e-01
-5.065283775329589844e-01
2.090833485126495361e-01
-3.397505879402160645e-01
1.781400144100189209e-01
5.689736008644104004e-01
