-4.886611104011535645e-01
-5.157726407051086426e-01
-2.347093224525451660e-01
6.667112112045288086e-01
9.694157540798187256e-02
-1.041337847709655762e+00
2.042533457279205322e-01
7.323105335235595703e-01
6.988282203674316406e-01
-6.209088563919067383e-01
3.421173095703125000e-01
-8.395736217498779297e-01
-7.705957293510437012e-01
-5.013593435287475586e-01
7.838153243064880371e-01
-1.630669534206390381e-01
-3.739425539970397949e-01
-8.887023925781250000e-01
1.259111892431974411e-02
-7.020321488380432129e-01
6.576883792877197266e-01
8.249399811029434204e-02
9.867975711822509766e-01
-5.724945664405822754e-01
3.175025433301925659e-02
-8.678359389305114746e-01
-1.498063206672668457e-01
4.951520264148712158e-01
5.860044956207275391e-01
1.716579645872116089e-01
