-9.124335646629333496e-02
-5.733767151832580566e-01
-1.438263338059186935e-03
2.598125040531158447e-01
3.005443215370178223e-01
3.316439688205718994e-02
-2.353732883930206299e-01
3.471389412879943848e-01
-2.236619889736175537e-01
6.102951169013977051e-01
-6.182758510112762451e-02
1.859396547079086304e-01
-2.231566607952117920e-01
2.661509811878204346e-01
-8.078908175230026245e-02
3.369707167148590088e-01
2.700477838516235352e-01
-1.295465528964996338e-01
-1.360433846712112427e-01
-2.218972742557525635e-01
2.833285629749298096e-01
6.120404228568077087e-02
-2.025346010923385620e-01
1.096279695630073547e-01
-9.291059523820877075e-02
-2.445984631776809692e-02
2.615159749984741211e-01
-6.540873646736145020e-01
4.129076302051544189e-01
2.417501062154769897e-01
