-3.874810039997100830e-01
1.424345374107360840e-01
-6.625030189752578735e-02
-4.857065081596374512e-01
-1.018942713737487793e+00
-7.426472306251525879e-01
-1.020604372024536133e+00
3.466855287551879883e-01
-1.032108888030052185e-01
-3.797816932201385498e-01
1.279833912849426270e-01
6.420864909887313843e-02
-3.199921846389770508e-01
-8.351810574531555176e-01
4.189398288726806641e-01
-3.835122585296630859e-01
-1.778804659843444824e-01
7.159071564674377441e-01
4.990488886833190918e-01
2.912668287754058838e-01
2.558799088001251221e-01
7.559247016906738281e-01
-5.705868601799011230e-01
4.651875793933868408e-01
-1.095294877886772156e-01
3.781038224697113037e-01
5.199600458145141602e-01
-2.452750205993652344e-01
2.039393931627273560e-01
4.002455174922943115e-01
