-2.556749880313873291e-01
1.437687277793884277e-01
-8.360141515731811523e-02
-4.540753960609436035e-01
2.994843423366546631e-01
2.222369164228439331e-01
1.132502853870391846e-01
2.898503281176090240e-02
1.747639775276184082e-01
5.221334099769592285e-01
1.278016716241836548e-01
2.727446556091308594e-01
2.378319501876831055e-01
-3.722966909408569336e-01
1.097616031765937805e-01
3.436894714832305908e-01
2.314852736890316010e-02
-1.837137639522552490e-01
3.054264485836029053e-01
4.483484327793121338e-01
-1.767875999212265015e-01
4.325204789638519287e-01
-2.770509012043476105e-02
6.269986629486083984e-01
-4.064356982707977295e-01
2.380627840757369995e-01
-9.512201547622680664e-01
6.372061371803283691e-01
-2.075864225625991821e-01
6.015947461128234863e-01
