-6.406525373458862305e-01
6.221654415130615234e-01
-2.380266040563583374e-01
-3.660769164562225342e-01
-3.209802508354187012e-01
-8.278457522392272949e-01
-7.171881198883056641e-01
-5.462514162063598633e-01
-4.055711328983306885e-01
4.184951484203338623e-01
5.054692029953002930e-01
-6.647890806198120117e-02
-8.595578074455261230e-01
-1.360539346933364868e-01
1.233816370368003845e-01
6.357313692569732666e-02
5.791153907775878906e-01
7.533158659934997559e-01
-7.693364620208740234e-01
8.613978028297424316e-01
1.732201874256134033e-02
-1.322855800390243530e-01
-9.364108443260192871e-01
3.851915597915649414e-01
-1.182372346520423889e-01
5.047520995140075684e-01
6.195070743560791016e-01
-2.715759873390197754e-01
4.409048855304718018e-01
-1.193932890892028809e-01
