4.083581864833831787e-01
3.356053829193115234e-01
-3.319023251533508301e-01
-5.971543788909912109e-01
-3.474884331226348877e-01
3.477002382278442383e-01
7.755644619464874268e-02
-5.544071793556213379e-01
-3.783853054046630859e-01
9.088454246520996094e-01
-3.861723840236663818e-01
-5.630020499229431152e-01
-4.217362701892852783e-01
-4.462454617023468018e-01
3.548493087291717529e-01
-3.802913427352905273e-01
3.439930677413940430e-01
-9.492694735527038574e-01
-4.219371676445007324e-01
6.024108454585075378e-02
-5.588495135307312012e-01
5.894775986671447754e-01
-3.096254467964172363e-01
4.813310205936431885e-01
5.212634801864624023e-01
-9.661675430834293365e-03
-1.202992275357246399e-01
-8.301839232444763184e-01
8.674296736717224121e-01
-3.174272179603576660e-01
