3.134826123714447021e-01
2.261393330991268158e-02
-1.655934900045394897e-01
3.984677493572235107e-01
-2.832965850830078125e-01
-2.077420204877853394e-01
-2.055495679378509521e-01
-1.008730679750442505e-01
-9.168474376201629639e-02
-2.719554007053375244e-01
2.584157586097717285e-01
2.425546497106552124e-01
-1.642609238624572754e-01
9.157232940196990967e-02
-7.250380516052246094e-02
3.219024538993835449e-01
-3.685955405235290527e-01
-1.009447500109672546e-01
-5.968022346496582031e-01
4.419262409210205078e-01
-3.571420609951019287e-01
1.451845616102218628e-01
5.344703197479248047e-01
-7.077472805976867676e-01
-3.626946508884429932e-01
-1.365111023187637329e-01
-2.337197661399841309e-01
-2.136655449867248535e-01
-4.991410076618194580e-01
-1.069266125559806824e-01
