-3.276864290237426758e-01
1.619642674922943115e-01
8.703497052192687988e-01
-1.239160448312759399e-01
-1.606920212507247925e-01
2.931717932224273682e-01
-3.245948553085327148e-01
-5.172348618507385254e-01
3.207662701606750488e-01
-7.400643229484558105e-01
-5.125260949134826660e-01
-2.305764555931091309e-01
5.764677524566650391e-01
8.137938976287841797e-01
-2.760945558547973633e-01
2.443549335002899170e-01
3.958989679813385010e-01
-1.324459016323089600e-01
5.027433633804321289e-01
4.739535450935363770e-01
4.491020441055297852e-01
-3.184163570404052734e-01
5.471809506416320801e-01
9.888107180595397949e-01
8.337227106094360352e-01
-3.459594845771789551e-01
4.084973633289337158e-01
-4.691482186317443848e-01
5.527533218264579773e-02
-7.581805586814880371e-01
