-1.336028128862380981e-01
4.041638076305389404e-01
2.099758684635162354e-01
1.101718395948410034e-01
-7.669825851917266846e-02
4.939837157726287842e-01
3.506513833999633789e-01
5.047521591186523438e-01
2.866221368312835693e-01
-7.355248928070068359e-01
-9.617979824542999268e-02
-2.790922857820987701e-02
1.839211136102676392e-01
4.551190137863159180e-01
2.049017697572708130e-01
-2.144927382469177246e-01
1.985103785991668701e-01
4.135102927684783936e-01
-2.467618584632873535e-01
3.347971290349960327e-02
-6.297802329063415527e-01
6.336956024169921875e-01
4.137842953205108643e-01
-3.315233290195465088e-01
-3.469339609146118164e-01
2.953801453113555908e-01
-3.874142169952392578e-01
3.793638348579406738e-01
5.304622054100036621e-01
-4.401268661022186279e-01
