2.894810140132904053e-01
3.464641273021697998e-01
-8.082905411720275879e-01
5.590949058532714844e-01
-5.080520510673522949e-01
8.242803812026977539e-01
-7.640767693519592285e-01
-5.452134609222412109e-01
1.896713674068450928e-02
2.795730531215667725e-01
1.393274813890457153e-01
-1.449533402919769287e-01
1.326712220907211304e-01
2.161669135093688965e-01
-2.592710554599761963e-01
3.170393109321594238e-01
-9.938763380050659180e-01
5.615945458412170410e-01
1.618028581142425537e-01
2.514597177505493164e-01
-3.544262051582336426e-01
7.179716229438781738e-01
-3.948300480842590332e-01
3.582718372344970703e-01
6.840874999761581421e-02
-3.604373037815093994e-01
-5.629242658615112305e-01
-4.228151738643646240e-01
-1.476845890283584595e-01
1.548290699720382690e-01
