3.995602950453758240e-02
5.144625306129455566e-01
-4.469982385635375977e-01
7.499859333038330078e-01
-8.841156959533691406e-01
-6.100175976753234863e-01
-4.289769232273101807e-01
-5.813680887222290039e-01
-1.704051196575164795e-01
2.178474366664886475e-01
-3.849955797195434570e-01
8.308706879615783691e-01
-6.162479519844055176e-03
-2.313182502985000610e-01
1.321767449378967285e+00
5.288833379745483398e-01
-1.305416524410247803e-01
4.455427527427673340e-01
-7.534191608428955078e-01
-3.810316696763038635e-02
6.622186899185180664e-01
4.905073046684265137e-01
2.399152815341949463e-01
2.745163142681121826e-01
-1.708235889673233032e-01
8.275571465492248535e-01
-2.381452620029449463e-01
-4.589126110076904297e-01
-2.735832631587982178e-01
2.036411166191101074e-01
