5.148883461952209473e-01
6.341233849525451660e-01
4.108920395374298096e-01
7.227745652198791504e-02
2.794533073902130127e-01
-3.394911885261535645e-01
-2.283596247434616089e-01
-2.343550324440002441e-01
3.843879401683807373e-01
4.805379211902618408e-01
4.717326462268829346e-01
-5.302260518074035645e-01
6.513470411300659180e-01
-5.809006094932556152e-01
2.073860913515090942e-01
8.204331398010253906e-01
-2.089711129665374756e-01
5.510153174400329590e-01
-7.425902411341667175e-03
5.322883725166320801e-01
-5.718433856964111328e-01
3.686482906341552734e-01
7.537687420845031738e-01
5.210570693016052246e-01
2.144816517829895020e-01
-6.059553474187850952e-02
2.477850317955017090e-01
-2.145602852106094360e-01
3.924855291843414307e-01
-6.950967907905578613e-01
