-6.220010519027709961e-01
-5.354411005973815918e-01
5.261641927063465118e-03
-3.536739349365234375e-01
-4.063533842563629150e-01
-4.483442604541778564e-01
2.275194674730300903e-01
2.277624756097793579e-01
1.130313128232955933e-01
6.125009059906005859e-01
3.283620476722717285e-01
-6.185581684112548828e-01
-9.768101572990417480e-01
-6.669045090675354004e-01
9.311143755912780762e-01
9.352278113365173340e-01
-1.617668867111206055e-01
-8.661583065986633301e-01
4.302066564559936523e-01
4.088551178574562073e-02
1.930056512355804443e-01
4.028937816619873047e-01
-1.001835823059082031e+00
-3.134799301624298096e-01
-4.363392591476440430e-01
7.258698344230651855e-01
2.129279375076293945e-01
-3.848083019256591797e-01
2.589226067066192627e-01
5.351578593254089355e-01
