-1.481267511844635010e-01
-1.948703229427337646e-01
4.708272218704223633e-01
-5.033456683158874512e-01
-5.561653375625610352e-01
7.547315955162048340e-01
4.232723712921142578e-01
-6.964452862739562988e-01
1.059679985046386719e+00
5.249941721558570862e-03
4.641253650188446045e-01
9.485253691673278809e-01
-2.195835560560226440e-01
-5.648458600044250488e-01
1.818229854106903076e-01
-7.594831585884094238e-01
6.738433837890625000e-01
3.614040315151214600e-01
6.764961481094360352e-01
7.489427924156188965e-01
-6.076305508613586426e-01
-8.602117300033569336e-01
4.628132581710815430e-01
-1.011299252510070801e+00
6.998389363288879395e-01
2.446320950984954834e-01
7.124007940292358398e-01
-1.599791646003723145e-01
-5.796623826026916504e-01
-3.437568545341491699e-01
