-3.914003074169158936e-01
-4.558022022247314453e-01
4.274237751960754395e-01
-3.466545045375823975e-01
2.025015093386173248e-02
5.494384169578552246e-01
-3.517472445964813232e-01
6.157556772232055664e-01
6.432302594184875488e-01
1.868016421794891357e-01
3.430546522140502930e-01
-1.583243310451507568e-01
-5.325562953948974609e-01
-8.249141573905944824e-01
-1.087233722209930420e-01
8.309562206268310547e-01
-5.150699019432067871e-01
6.865992546081542969e-01
-5.870559215545654297e-01
-3.380635976791381836e-01
-3.485418260097503662e-01
-2.492592483758926392e-01
1.703171581029891968e-01
-2.094905674457550049e-01
-2.947534918785095215e-01
-6.224516630172729492e-01
-6.106951236724853516e-01
3.591278195381164551e-01
2.374918609857559204e-01
5.566048622131347656e-01
