2.991477549076080322e-01
1.502389460802078247e-01
4.997577667236328125e-01
-1.675544977188110352e-01
-3.767099380493164062e-01
2.114484459161758423e-01
-5.893034487962722778e-02
6.910046339035034180e-01
-3.181622624397277832e-01
-3.460342288017272949e-01
-1.932049244642257690e-01
-5.043102502822875977e-01
2.582248151302337646e-01
-3.204605579376220703e-01
-7.500475645065307617e-02
1.608520448207855225e-01
1.712169200181961060e-01
3.236558139324188232e-01
1.837468892335891724e-01
1.779292672872543335e-01
-3.471727669239044189e-01
4.029349982738494873e-01
1.194874793291091919e-01
-3.360264003276824951e-03
3.678405880928039551e-01
2.512039542198181152e-01
-1.894807070493698120e-01
1.927078217267990112e-01
2.110014855861663818e-01
8.304321020841598511e-02
