-5.350674390792846680e-01
-9.187637269496917725e-02
5.864509940147399902e-02
1.316289752721786499e-01
-3.598585128784179688e-01
-4.981130734086036682e-02
-2.349565327167510986e-01
3.454749286174774170e-01
1.547023653984069824e-01
-2.442833781242370605e-01
-4.109783172607421875e-01
-2.668072283267974854e-01
2.905172407627105713e-01
5.263459086418151855e-01
-1.264484524726867676e-01
-1.617860943078994751e-01
1.695772260427474976e-02
-2.748332917690277100e-01
3.053846359252929688e-01
4.683203101158142090e-01
-4.454665482044219971e-01
9.463058710098266602e-01
6.433386802673339844e-01
-4.521425366401672363e-01
-4.255048632621765137e-01
8.302242159843444824e-01
9.213933348655700684e-01
-3.235062658786773682e-01
7.173134684562683105e-01
-6.114429831504821777e-01
