-2.583312690258026123e-01
-1.661182753741741180e-02
-1.277445629239082336e-02
7.364890575408935547e-01
-1.870387047529220581e-01
-2.190072387456893921e-01
-3.969781398773193359e-01
-2.519426047801971436e-01
-7.903194427490234375e-02
-2.311874628067016602e-01
-5.396172031760215759e-02
4.826668202877044678e-01
1.496049165725708008e-01
-5.471903085708618164e-01
-3.450237512588500977e-01
3.550814390182495117e-01
-3.487170338630676270e-01
-1.693708747625350952e-01
4.265111088752746582e-01
6.269866973161697388e-02
-3.666579425334930420e-01
1.347723901271820068e-01
-1.030218154191970825e-01
5.115227103233337402e-01
-2.664534151554107666e-01
3.135710954666137695e-01
-2.048108875751495361e-01
1.040182560682296753e-01
-3.839223384857177734e-01
2.470879107713699341e-01
