-4.280629754066467285e-01
-4.826906621456146240e-01
-2.643976509571075439e-01
-3.792218491435050964e-02
1.068277359008789062e-01
2.928197383880615234e-01
-8.894457817077636719e-01
4.452558979392051697e-02
-7.506675124168395996e-01
3.145788609981536865e-01
4.033800959587097168e-02
-1.112084742635488510e-02
1.224240660667419434e-02
1.184318065643310547e-01
-1.018915295600891113e+00
1.438624458387494087e-03
1.864529848098754883e-01
3.774257302284240723e-01
3.023012913763523102e-02
3.960245251655578613e-01
3.057682514190673828e-01
-5.242899805307388306e-02
6.314677596092224121e-01
-5.649998784065246582e-01
-2.377389073371887207e-01
1.051082238554954529e-01
2.086429744958877563e-01
-3.414337038993835449e-01
4.918893575668334961e-01
1.620320826768875122e-01
