-9.828588962554931641e-01
-1.465040445327758789e-01
-2.336047142744064331e-01
8.999024033546447754e-01
-4.448962807655334473e-01
7.028729468584060669e-02
-1.939490288496017456e-01
-2.972532212734222412e-01
-3.386358618736267090e-01
2.753073573112487793e-01
4.241421520709991455e-01
-2.552889585494995117e-01
-1.057503595948219299e-01
3.686034679412841797e-01
1.082003593444824219e+00
1.807346194982528687e-01
-7.921699434518814087e-02
1.320202469825744629e+00
2.579850852489471436e-01
-1.348866224288940430e+00
-5.475744009017944336e-01
-3.475922644138336182e-01
-3.752567172050476074e-01
-2.927367687225341797e-01
1.418953537940979004e-01
1.336562782526016235e-01
-2.897122800350189209e-01
-7.319447994232177734e-01
-1.438209116458892822e-01
-5.288169980049133301e-01
