-3.161359429359436035e-01
-1.340939849615097046e-01
-5.765866637229919434e-01
1.127252578735351562e-01
4.076864123344421387e-01
6.543846726417541504e-01
3.620594739913940430e-01
4.404076188802719116e-02
-4.345956444740295410e-01
-3.235452175140380859e-01
1.838546991348266602e-01
1.376449465751647949e-01
-3.642240762710571289e-01
-6.586512178182601929e-02
-9.347907304763793945e-01
-1.045935899019241333e-01
2.243956178426742554e-01
2.295066118240356445e-01
-1.041303351521492004e-01
3.569048047065734863e-01
6.644104123115539551e-01
-4.911298677325248718e-02
2.596987485885620117e-01
-4.155144989490509033e-01
-5.249069929122924805e-01
-2.855117917060852051e-01
3.517346084117889404e-01
2.890286147594451904e-01
4.612848162651062012e-02
1.473940312862396240e-01
