-3.300080001354217529e-01
-1.990280896425247192e-01
3.672478795051574707e-01
-1.760486364364624023e-01
-1.297258138656616211e-01
-1.913643330335617065e-01
5.002371668815612793e-01
-3.744527697563171387e-01
3.119169175624847412e-01
-3.540726900100708008e-01
-3.873616755008697510e-01
4.378295242786407471e-01
-1.298576295375823975e-01
-1.979715973138809204e-01
2.859349548816680908e-01
-1.709510572254657745e-02
1.604125648736953735e-01
-5.537964105606079102e-01
3.974791765213012695e-01
-3.353162705898284912e-01
-4.913653433322906494e-01
3.149908035993576050e-02
-2.512056194245815277e-02
-2.029896527528762817e-01
2.648536562919616699e-01
-2.404022365808486938e-01
-3.661662042140960693e-01
-3.149120211601257324e-01
4.929338097572326660e-01
4.916209354996681213e-02
