9.843071699142456055e-01
2.418589740991592407e-01
-3.938450217247009277e-01
5.820990204811096191e-01
8.819048404693603516e-01
9.515288472175598145e-01
5.157590284943580627e-02
2.131426483392715454e-01
-1.285489052534103394e-01
6.087073683738708496e-01
-8.184844255447387695e-01
-3.119312524795532227e-01
-4.065540730953216553e-01
-6.310672163963317871e-01
-8.656353950500488281e-01
-1.008090615272521973e+00
-3.992927968502044678e-01
3.763623833656311035e-01
1.117814481258392334e-01
6.162474751472473145e-01
9.855940937995910645e-02
-2.487609684467315674e-01
-4.646559655666351318e-01
1.251328438520431519e-01
-5.855953097343444824e-01
-5.115899443626403809e-01
-1.216629862785339355e+00
-5.558573603630065918e-01
-5.167887210845947266e-01
-2.912716269493103027e-01
