2.226700261235237122e-02
-4.258933961391448975e-01
-7.026281952857971191e-01
6.328443884849548340e-01
-4.468851983547210693e-01
5.174092650413513184e-01
-7.542613744735717773e-01
1.073389053344726562e+00
-3.010030984878540039e-01
3.547039330005645752e-01
-7.275357246398925781e-01
-7.755241394042968750e-01
1.052529811859130859e+00
-6.675733923912048340e-01
7.524226903915405273e-01
6.345261931419372559e-01
-1.011707186698913574e+00
9.793951362371444702e-02
-9.530941843986511230e-01
-8.386487364768981934e-01
6.720763444900512695e-01
2.812229096889495850e-01
-2.144337296485900879e-01
2.739354074001312256e-01
7.840861678123474121e-01
6.765226721763610840e-01
-9.013401269912719727e-01
7.353483438491821289e-01
-1.114887714385986328e+00
9.703724384307861328e-01
