4.163987338542938232e-01
3.021412342786788940e-02
-2.305370271205902100e-01
1.796054244041442871e-01
1.469704657793045044e-01
1.163797676563262939e-01
3.566223755478858948e-02
-1.143787503242492676e-01
3.839013576507568359e-01
-1.482713967561721802e-01
-6.038901209831237793e-01
-4.641809463500976562e-01
4.199556261301040649e-02
3.243093490600585938e-01
4.419175535440444946e-02
-3.769755661487579346e-01
1.355476230382919312e-01
-1.581691503524780273e-01
-1.471378356218338013e-01
-1.844597607851028442e-01
-2.323249876499176025e-01
-3.229399919509887695e-01
-1.908531337976455688e-01
-4.250214397907257080e-01
-8.889523148536682129e-02
1.090644276700913906e-03
-2.243070006370544434e-01
-1.395821720361709595e-01
7.060755789279937744e-02
-4.414162039756774902e-01
