-4.920822381973266602e-01
-3.355226814746856689e-01
-7.665843963623046875e-01
-5.657043457031250000e-01
-1.242626085877418518e-01
6.382806897163391113e-01
-3.582834303379058838e-01
8.320252895355224609e-01
-3.452033996582031250e-01
-6.909940391778945923e-02
-3.724532425403594971e-01
3.965655565261840820e-01
-1.872206926345825195e-01
2.664711475372314453e-01
-1.028999984264373779e-01
4.821426272392272949e-01
2.879371643066406250e-01
-5.375606417655944824e-01
-3.504634797573089600e-01
-1.802266091108322144e-01
-4.502395689487457275e-01
-7.331201806664466858e-03
-7.996485233306884766e-01
2.602595388889312744e-01
7.530786395072937012e-01
-3.273749053478240967e-01
-2.926614508032798767e-02
-5.230821371078491211e-01
-6.916253268718719482e-02
-1.307009160518646240e-01
