2.316045016050338745e-01
1.437102109193801880e-01
3.564000427722930908e-01
-5.907281637191772461e-01
1.288941353559494019e-01
-3.095495700836181641e-01
2.653538882732391357e-01
-4.922812804579734802e-02
4.062555730342864990e-01
-1.029825687408447266e+00
-2.883079648017883301e-01
-1.349073946475982666e-01
-3.296180814504623413e-02
1.983542442321777344e-01
-6.455631554126739502e-02
-4.638078808784484863e-01
4.843374192714691162e-01
-4.421581327915191650e-01
4.641872048377990723e-01
3.383286595344543457e-01
-8.769984245300292969e-01
-8.595339059829711914e-01
4.273844957351684570e-01
5.865401029586791992e-01
-4.636161029338836670e-02
4.937107861042022705e-01
4.414534270763397217e-01
2.615277171134948730e-01
-2.391872406005859375e-01
-4.597784280776977539e-01
