-1.098416596651077271e-01
-4.034836590290069580e-02
1.864056438207626343e-01
-3.722001239657402039e-02
-7.718070596456527710e-02
5.211812630295753479e-02
1.778109967708587646e-01
-3.000758886337280273e-01
-1.185768544673919678e-01
-9.048139303922653198e-02
-1.272452473640441895e-01
1.086065322160720825e-01
-4.026242196559906006e-01
2.875558733940124512e-01
-1.762939840555191040e-01
1.885833144187927246e-01
1.007104590535163879e-01
7.484441399574279785e-01
-8.206864446401596069e-02
2.619347870349884033e-01
-9.841322898864746094e-02
-3.871040046215057373e-02
-1.814521849155426025e-01
-2.882922291755676270e-01
-4.293462634086608887e-01
1.419469118118286133e-01
-2.111734002828598022e-01
-1.711628288030624390e-01
2.612415552139282227e-01
-3.885511755943298340e-01
