2.990802824497222900e-01
8.137816190719604492e-02
-2.486420273780822754e-01
2.650916278362274170e-01
3.016447424888610840e-01
2.132825255393981934e-01
-2.994357347488403320e-01
-3.713346123695373535e-01
-1.149177774786949158e-01
-1.512293666601181030e-01
4.139263555407524109e-02
2.629624307155609131e-01
-1.056573987007141113e-01
-1.881614886224269867e-02
7.748769968748092651e-02
-3.093469440937042236e-01
-3.531386554241180420e-01
1.579661294817924500e-02
1.934817135334014893e-01
-1.181481853127479553e-01
-2.165288329124450684e-01
-3.161494135856628418e-01
3.950875997543334961e-01
-1.494608260691165924e-02
-1.815725266933441162e-01
-3.296945691108703613e-01
1.296377331018447876e-01
6.381068378686904907e-02
6.088114976882934570e-01
1.633258759975433350e-01
