-3.785866498947143555e-01
4.384429156780242920e-01
1.760212779045104980e-01
-3.323546350002288818e-01
-4.453561007976531982e-01
4.829784482717514038e-02
6.295630335807800293e-01
1.085045710206031799e-01
-2.919653058052062988e-01
4.546057805418968201e-02
-3.195641338825225830e-01
3.522790074348449707e-01
4.243195354938507080e-01
-3.220835030078887939e-01
-7.546257972717285156e-01
2.937108278274536133e-01
-4.804072976112365723e-01
6.784937381744384766e-01
-5.156161189079284668e-01
9.625554829835891724e-02
5.185698866844177246e-01
-4.425302743911743164e-01
-3.645394444465637207e-01
5.538128018379211426e-01
-2.980590760707855225e-01
-4.605796039104461670e-01
4.167409241199493408e-01
4.533654153347015381e-01
-1.759437620639801025e-01
-5.866439342498779297e-01
