-1.065567508339881897e-01
2.651127800345420837e-02
-7.255609035491943359e-01
-4.798388183116912842e-01
2.148437649011611938e-01
3.104680776596069336e-01
-6.238362193107604980e-01
6.666611433029174805e-01
3.742327392101287842e-01
-1.948492676019668579e-01
-7.101017832756042480e-01
-3.463011980056762695e-01
-2.122679203748703003e-01
8.742895722389221191e-02
-5.097221136093139648e-01
4.081115424633026123e-01
-2.161718159914016724e-01
3.435794413089752197e-01
4.235335886478424072e-01
2.654867470264434814e-01
5.159533023834228516e-01
-2.623441815376281738e-01
-8.086574077606201172e-01
-5.015533566474914551e-01
8.363480865955352783e-02
6.805776059627532959e-02
-3.571003973484039307e-01
4.918684363365173340e-01
6.707096695899963379e-01
8.759977668523788452e-02
