-1.215273067355155945e-01
8.475207686424255371e-01
-6.196758151054382324e-01
9.776790440082550049e-02
1.224552839994430542e-01
-5.487458705902099609e-01
8.537002801895141602e-01
2.408131770789623260e-02
1.253730505704879761e-01
-1.585277765989303589e-01
7.489165663719177246e-01
-2.795902192592620850e-01
-4.608676135540008545e-01
2.327774018049240112e-01
-7.966033220291137695e-01
-3.957543075084686279e-01
-2.992715239524841309e-01
-3.735076785087585449e-01
-5.597438216209411621e-01
8.005370199680328369e-02
8.819089531898498535e-01
2.989934682846069336e-01
-5.746986269950866699e-01
5.934103131294250488e-01
-2.081583589315414429e-01
7.576309442520141602e-01
8.402224779129028320e-01
-7.284889817237854004e-01
6.546380519866943359e-01
-4.992810189723968506e-01
