4.622922241687774658e-01
4.436399340629577637e-01
-4.565352201461791992e-01
-2.939269542694091797e-01
-2.310755848884582520e-01
-3.633831739425659180e-01
-5.343045592308044434e-01
4.800077080726623535e-01
-6.178580224514007568e-02
-3.602561056613922119e-01
-1.181617528200149536e-01
3.998487591743469238e-01
3.010823130607604980e-01
6.335173547267913818e-02
5.193913578987121582e-01
6.636605858802795410e-01
-1.381425261497497559e-01
2.825421988964080811e-01
-1.101548075675964355e-01
3.737159669399261475e-01
-2.832529842853546143e-01
-4.223590195178985596e-01
-2.305437624454498291e-01
3.986853361129760742e-01
-4.731531441211700439e-01
-5.242305994033813477e-01
-4.736028909683227539e-01
3.654053509235382080e-01
-6.072116494178771973e-01
-1.396509110927581787e-01
