8.818891644477844238e-01
2.378843873739242554e-01
1.827107369899749756e-01
9.182240366935729980e-01
-5.182048678398132324e-01
1.436371356248855591e-01
1.851990669965744019e-01
9.018025994300842285e-01
8.373863101005554199e-01
6.512134671211242676e-01
1.209790825843811035e+00
8.043868839740753174e-02
-3.757085502147674561e-01
3.117903470993041992e-01
-3.417340815067291260e-01
6.909255981445312500e-01
1.481770277023315430e-01
1.654076948761940002e-02
-6.615859270095825195e-01
1.388767361640930176e-01
-1.375667929649353027e+00
-4.645510613918304443e-01
-8.334966897964477539e-01
3.026845455169677734e-01
4.709708094596862793e-01
-3.042790889739990234e-01
1.110871210694313049e-01
1.533890664577484131e-01
-4.253257811069488525e-01
5.170847177505493164e-01
