-7.827412337064743042e-02
-4.961477518081665039e-01
3.920466601848602295e-01
-4.862133860588073730e-01
2.437126189470291138e-01
-1.895081698894500732e-01
5.747826695442199707e-01
2.137543261051177979e-01
4.213413000106811523e-01
-2.876951098442077637e-01
7.539729475975036621e-01
-1.969818323850631714e-01
-5.362291932106018066e-01
1.280197408050298691e-02
-2.842457592487335205e-02
-2.822198867797851562e-01
2.190250456333160400e-01
-5.638525485992431641e-01
2.635260224342346191e-01
-1.462981197983026505e-02
9.296743199229240417e-03
-6.255892515182495117e-01
-7.971589565277099609e-01
6.622640490531921387e-01
2.950065433979034424e-01
5.145682692527770996e-01
5.842025279998779297e-01
9.017743468284606934e-01
-9.986200928688049316e-02
-6.500228047370910645e-01
