-7.275889515876770020e-01
8.778010010719299316e-01
4.779008030891418457e-01
9.138721227645874023e-01
-2.042795419692993164e-01
3.233096599578857422e-01
1.149681955575942993e-01
-9.964992851018905640e-02
-3.678221106529235840e-01
-4.418779611587524414e-01
1.044710949063301086e-01
-7.440163493156433105e-01
-1.330007612705230713e-01
2.585857808589935303e-01
3.260193392634391785e-02
5.157693754881620407e-03
-1.833064258098602295e-01
2.626041769981384277e-01
-6.302100419998168945e-01
5.814708471298217773e-01
1.162030324339866638e-01
-2.586786746978759766e-01
7.033790349960327148e-01
6.442735791206359863e-01
6.577079296112060547e-01
4.326809048652648926e-01
6.473155021667480469e-01
1.124384403228759766e+00
5.687017440795898438e-01
7.113778591156005859e-01
