5.011919736862182617e-01
-6.715148091316223145e-01
-2.454904764890670776e-01
9.226243942975997925e-02
-9.288609027862548828e-01
2.483538091182708740e-01
5.688893198966979980e-01
8.397185802459716797e-01
5.715520977973937988e-01
1.789244413375854492e-01
7.184140682220458984e-01
-5.425832420587539673e-02
-3.864238504320383072e-03
-6.955259442329406738e-01
6.348003745079040527e-01
-5.246507525444030762e-01
-7.307478189468383789e-01
2.736898660659790039e-01
-3.532091379165649414e-01
2.554807364940643311e-01
-2.891231775283813477e-01
-3.243518173694610596e-01
-7.970158457756042480e-01
4.660866260528564453e-01
-4.876614809036254883e-01
7.157182097434997559e-01
-5.650840997695922852e-01
-2.983658313751220703e-01
4.299550354480743408e-01
-4.886577129364013672e-01
