-4.857596158981323242e-01
-3.665721118450164795e-01
1.223990321159362793e-01
6.320806741714477539e-01
-7.138677835464477539e-01
-1.515972167253494263e-01
3.770228326320648193e-01
-3.400911986827850342e-01
-2.687233090400695801e-01
-7.191917300224304199e-02
1.961314827203750610e-01
4.617947041988372803e-01
-6.704891324043273926e-01
-2.219330668449401855e-01
-7.947322130203247070e-01
8.369839936494827271e-02
8.655046224594116211e-01
-5.006067156791687012e-01
3.610081076622009277e-01
2.388398945331573486e-01
-7.071972489356994629e-01
4.560935199260711670e-01
2.813119590282440186e-01
1.524808257818222046e-01
-1.369915157556533813e-01
-4.757608771324157715e-01
-1.346603129059076309e-02
6.381029486656188965e-01
2.384575903415679932e-01
-7.248823642730712891e-01
