-4.339366555213928223e-01
8.476696610450744629e-01
-1.009613424539566040e-01
2.071541547775268555e-01
-3.657103776931762695e-01
-2.652589082717895508e-01
-3.900147974491119385e-01
-6.093472838401794434e-01
9.262407422065734863e-01
-3.847505152225494385e-01
6.883926391601562500e-01
5.999644994735717773e-01
8.865798711776733398e-01
4.718135669827461243e-02
3.255360722541809082e-01
6.676803827285766602e-01
5.585502982139587402e-01
-4.794132709503173828e-01
-1.189608812332153320e+00
5.416845083236694336e-01
3.445544540882110596e-01
-1.429634094238281250e-01
5.961376428604125977e-01
-2.672385983169078827e-02
-1.553373187780380249e-01
1.042010784149169922e+00
4.402069840580224991e-03
-4.695625305175781250e-01
4.414372146129608154e-01
-4.750555753707885742e-01
