-1.366056315600872040e-02
5.682624578475952148e-01
-8.101809769868850708e-02
4.061904847621917725e-01
-3.009077012538909912e-01
3.194106221199035645e-01
-2.143555879592895508e-01
7.123107314109802246e-01
-4.134662747383117676e-01
7.052260041236877441e-01
-2.373340427875518799e-01
1.730753481388092041e-01
-1.415854599326848984e-02
-4.185669720172882080e-01
-3.770962059497833252e-01
4.684228003025054932e-01
3.084650039672851562e-01
3.582285940647125244e-01
-2.644575834274291992e-01
2.248228713870048523e-02
3.406603932380676270e-01
1.797073930501937866e-01
-2.832740247249603271e-01
-3.617607057094573975e-01
1.414888352155685425e-01
6.204606890678405762e-01
-2.712865173816680908e-01
-9.169837832450866699e-02
5.273968577384948730e-01
-2.162657678127288818e-01
