3.287608027458190918e-01
-6.532742381095886230e-01
-7.463871240615844727e-01
-8.513793349266052246e-01
6.142514348030090332e-01
2.666260674595832825e-02
-3.526429831981658936e-01
5.918557941913604736e-02
8.813433349132537842e-02
-1.819599568843841553e-01
-2.502200901508331299e-01
2.087219357490539551e-01
3.780271410942077637e-01
8.809002637863159180e-01
-4.914875030517578125e-01
-1.138559542596340179e-02
-1.488937139511108398e-01
-2.089083753526210785e-02
3.715222477912902832e-01
3.686245083808898926e-01
5.077612996101379395e-01
5.591720938682556152e-01
-7.055388092994689941e-01
1.490476727485656738e-01
3.898572027683258057e-01
2.804503142833709717e-01
-1.382932215929031372e-01
-7.260756683535873890e-05
-2.064104229211807251e-01
-7.022014260292053223e-02
