1.334667503833770752e-01
-2.860527634620666504e-01
-6.118622422218322754e-01
4.011349976062774658e-01
4.264788031578063965e-01
5.276736617088317871e-01
7.668427824974060059e-01
2.810249924659729004e-01
2.612449526786804199e-01
-6.704659461975097656e-01
3.285567462444305420e-01
-6.310069561004638672e-01
-2.271091043949127197e-01
-4.248157441616058350e-01
1.102892458438873291e-01
4.973527491092681885e-01
-5.240636467933654785e-01
-3.644182980060577393e-01
9.160608053207397461e-01
-5.267378687858581543e-01
5.217738151550292969e-01
-3.426999151706695557e-01
7.832643985748291016e-01
-5.898929834365844727e-01
7.473921030759811401e-02
-5.792091488838195801e-01
-3.736351132392883301e-01
-7.640612721443176270e-01
4.378319084644317627e-01
-6.155931353569030762e-01
