-5.204581022262573242e-01
-4.103862643241882324e-01
-4.743509590625762939e-01
2.114868313074111938e-01
1.087625399231910706e-01
4.403773844242095947e-01
3.390146493911743164e-01
-3.998451232910156250e-01
-2.305638641119003296e-01
-1.614374220371246338e-01
7.539249658584594727e-01
-3.718442916870117188e-01
3.464990258216857910e-01
-6.113139986991882324e-01
-4.323263466358184814e-01
4.971152544021606445e-01
-4.277808666229248047e-01
-2.501820623874664307e-01
-5.219722986221313477e-01
-5.923247337341308594e-01
-4.366401433944702148e-01
3.715363740921020508e-01
4.800978899002075195e-01
2.845216691493988037e-01
8.502773940563201904e-02
-4.396258890628814697e-01
-5.996641516685485840e-02
4.390612617135047913e-02
3.140815496444702148e-01
-6.414219737052917480e-01
