3.256319463253021240e-01
-8.436822891235351562e-02
5.606555938720703125e-01
-5.064431577920913696e-02
-1.990615874528884888e-01
-5.556516051292419434e-01
-4.173722863197326660e-01
5.179573297500610352e-01
-1.271713227033615112e-01
6.694294512271881104e-02
7.841446995735168457e-02
-2.177554368972778320e-01
-4.729841947555541992e-01
-1.063062846660614014e-01
-1.232906058430671692e-01
-8.137287944555282593e-02
-5.657659769058227539e-01
4.211137294769287109e-01
2.179693728685379028e-01
2.356395572423934937e-01
7.676563262939453125e-01
-4.332655966281890869e-01
-3.043411374092102051e-01
-6.008475422859191895e-01
-3.652753531932830811e-01
-2.760521769523620605e-01
6.810541749000549316e-01
2.067269682884216309e-01
-1.040814667940139771e-01
2.004469484090805054e-01
