1.131904721260070801e-01
-7.300639152526855469e-01
6.437827348709106445e-01
1.673706620931625366e-01
5.597729682922363281e-01
-6.199169754981994629e-01
-6.218577623367309570e-01
-1.806915998458862305e-01
-3.676800429821014404e-02
1.009792014956474304e-01
-1.307575821876525879e+00
-3.759478330612182617e-01
-2.340424209833145142e-01
3.060426414012908936e-01
-6.984027028083801270e-01
-7.936049252748489380e-02
-3.631589114665985107e-01
4.913108944892883301e-01
-1.593345105648040771e-01
-9.887245297431945801e-02
5.683892965316772461e-01
-3.659893870353698730e-01
-2.952377200126647949e-01
8.363345265388488770e-01
-3.798905313014984131e-01
4.857907444238662720e-02
7.420780062675476074e-01
5.559729337692260742e-01
-1.253637522459030151e-01
-6.745366454124450684e-01
