-5.464253425598144531e-01
-1.703975319862365723e+00
-1.196016892790794373e-01
2.588394284248352051e-01
-7.534830272197723389e-02
-9.854630380868911743e-02
4.151216447353363037e-01
7.915960550308227539e-01
-5.163517594337463379e-01
1.872398257255554199e-01
1.823325008153915405e-01
2.863619625568389893e-01
3.077579736709594727e-01
6.762287765741348267e-02
-2.464006841182708740e-01
-1.261001229286193848e+00
6.031237244606018066e-01
-6.664558649063110352e-01
-5.845077633857727051e-01
5.317133069038391113e-01
7.884266376495361328e-01
1.175085157155990601e-01
1.232129856944084167e-01
-1.146954774856567383e+00
2.286099046468734741e-01
4.652396142482757568e-01
5.086578130722045898e-01
1.085487008094787598e+00
-3.826024234294891357e-01
3.744062483310699463e-01
