-1.911022305488586426e+00
-3.473871946334838867e-01
4.194185137748718262e-01
9.999675154685974121e-01
1.005027532577514648e+00
1.605159640312194824e-01
-5.011841654777526855e-01
-3.033274412155151367e-01
6.881561279296875000e-01
2.137817591428756714e-01
3.368153870105743408e-01
2.623788714408874512e-01
-1.659581810235977173e-01
2.325006425380706787e-01
-1.287092715501785278e-01
6.026626229286193848e-01
-1.217140816152095795e-02
6.355062723159790039e-01
5.926508903503417969e-01
-6.007328033447265625e-01
-7.760354876518249512e-01
8.397586345672607422e-01
-3.877084851264953613e-01
7.281367778778076172e-01
-8.561621606349945068e-02
-1.331180334091186523e-01
-3.729357570409774780e-02
6.170748472213745117e-01
-1.380433738231658936e-01
5.414027571678161621e-01
