5.586677789688110352e-01
-1.058615922927856445e+00
-1.273586302995681763e-01
3.329289257526397705e-01
3.648156225681304932e-01
5.876052975654602051e-01
-5.091586150228977203e-03
-4.542955011129379272e-02
-2.612069249153137207e-01
-8.197299838066101074e-01
-9.028532505035400391e-01
5.815423727035522461e-01
-5.247488617897033691e-01
4.131342843174934387e-02
-1.362318694591522217e-01
2.075809538364410400e-01
6.997075676918029785e-02
4.837567508220672607e-01
-1.005714654922485352e+00
7.417759895324707031e-01
-7.149578928947448730e-01
1.028073430061340332e+00
-6.183518767356872559e-01
-2.311199307441711426e-01
1.818772107362747192e-01
6.404453516006469727e-01
2.217093259096145630e-01
-3.951970040798187256e-01
-3.325866758823394775e-01
-9.533271193504333496e-01
