1.431693583726882935e-01
1.375034302473068237e-01
4.477470517158508301e-01
4.119856283068656921e-02
-8.410617113113403320e-01
-4.215379357337951660e-01
-4.421680569648742676e-01
1.486532273702323437e-03
-5.826670527458190918e-01
-1.306125777773559093e-03
-2.224085777997970581e-01
6.779074668884277344e-02
5.235886573791503906e-01
-1.577299684286117554e-01
-5.597671866416931152e-01
6.475404500961303711e-01
-2.111513763666152954e-01
3.204066157341003418e-01
-3.725154399871826172e-01
-2.560414373874664307e-01
-1.264969110488891602e-01
-4.744747877120971680e-01
8.737461566925048828e-01
5.256898999214172363e-01
-5.924128293991088867e-01
3.487798944115638733e-02
3.782878071069717407e-02
1.880542337894439697e-01
1.789180636405944824e-01
-3.647052347660064697e-01
