6.142479553818702698e-02
-3.872567117214202881e-01
2.832804918289184570e-01
2.415618300437927246e-01
-3.297518193721771240e-01
6.761025786399841309e-01
-1.126759126782417297e-01
3.976456522941589355e-01
-6.199640035629272461e-01
-5.882975459098815918e-01
8.709768205881118774e-02
-7.467237114906311035e-01
3.315612375736236572e-01
-4.244346916675567627e-01
-7.713708281517028809e-01
-6.131596565246582031e-01
5.348998308181762695e-01
3.627558052539825439e-01
-9.235861897468566895e-02
-4.151643514633178711e-01
-6.592230200767517090e-01
2.751208543777465820e-01
1.294436585158109665e-02
1.403273344039916992e-01
2.571072876453399658e-01
-7.318072319030761719e-01
5.105965733528137207e-01
1.169063746929168701e-01
1.814788579940795898e-01
-1.833054572343826294e-01
