-2.987132593989372253e-02
-6.695208698511123657e-02
8.504834771156311035e-02
-2.212270349264144897e-01
2.970871701836585999e-02
1.035560816526412964e-01
-1.772544682025909424e-01
-1.382985264062881470e-01
-2.423653155565261841e-01
1.550805717706680298e-01
-3.451035618782043457e-01
-4.444693624973297119e-01
5.703887939453125000e-01
-9.098213911056518555e-02
8.363965898752212524e-02
1.959932148456573486e-01
2.132613509893417358e-01
-4.402135610580444336e-01
-7.246442437171936035e-01
1.993772536516189575e-01
-2.192231714725494385e-01
-6.715195626020431519e-02
-3.308550715446472168e-01
1.660639345645904541e-01
3.363889083266258240e-02
-1.520654112100601196e-01
-2.405308187007904053e-01
-7.975874096155166626e-02
-1.790819317102432251e-01
-2.634189128875732422e-01
