-5.002399682998657227e-01
1.655225008726119995e-01
8.560382723808288574e-01
-5.680720210075378418e-01
-2.050718367099761963e-01
2.820498645305633545e-01
-3.279088810086250305e-02
-3.530360460281372070e-01
3.298660218715667725e-01
-4.329579174518585205e-01
-1.079946994781494141e+00
4.422203898429870605e-01
-6.604207754135131836e-01
9.072697907686233521e-02
-3.342112004756927490e-01
4.495116695761680603e-02
4.332296252250671387e-01
-2.936227619647979736e-01
-1.918076574802398682e-01
-6.076157093048095703e-01
-1.247761994600296021e-01
2.527838349342346191e-01
-2.283262759447097778e-01
-5.744520425796508789e-01
5.874545574188232422e-01
-5.575033426284790039e-01
4.367350637912750244e-01
-2.919241487979888916e-01
-1.889912635087966919e-01
-4.842388033866882324e-01
