-1.792159676551818848e-01
-1.186692416667938232e-01
-5.571100115776062012e-01
3.231177926063537598e-01
-3.984073400497436523e-01
-3.221454322338104248e-01
-2.066404968500137329e-01
-1.294867098331451416e-01
2.702830731868743896e-01
2.714996635913848877e-01
2.076409757137298584e-01
-2.862314507365226746e-02
-3.286121785640716553e-01
-2.097770124673843384e-01
5.771384239196777344e-01
-4.252385795116424561e-01
5.479753017425537109e-01
3.506553173065185547e-01
-2.446810714900493622e-02
-5.466743707656860352e-01
2.695593982934951782e-02
-1.033042430877685547e+00
-3.806555271148681641e-01
3.743896484375000000e-01
-4.554428160190582275e-01
5.571207404136657715e-01
-5.284237861633300781e-01
-5.886549502611160278e-02
-4.064948260784149170e-01
-2.083498835563659668e-01
