-5.412031412124633789e-01
-3.676148951053619385e-01
-8.820354193449020386e-02
-5.998317599296569824e-01
7.508765161037445068e-02
7.278192043304443359e-02
-8.006926774978637695e-01
-5.398523211479187012e-01
-2.537387609481811523e-01
5.290243029594421387e-01
6.048462390899658203e-01
3.114283084869384766e-01
-6.131599545478820801e-01
1.650386601686477661e-01
3.918266296386718750e-01
6.792657971382141113e-01
4.440268576145172119e-01
-2.719604969024658203e-01
-5.838260650634765625e-01
-1.155272647738456726e-01
1.099195182323455811e-01
2.460035309195518494e-02
-3.840448260307312012e-01
-2.150296717882156372e-01
-1.194734945893287659e-01
4.846554100513458252e-01
3.815179169178009033e-01
-1.742850989103317261e-03
1.603718549013137817e-01
1.679430343210697174e-02
