-5.100783109664916992e-01
3.577991127967834473e-01
-5.899047255516052246e-01
-5.900686979293823242e-01
-2.158193849027156830e-02
-4.863958656787872314e-01
-6.030974388122558594e-01
-6.702188253402709961e-01
4.360003769397735596e-02
5.615663528442382812e-01
-2.182911038398742676e-01
-5.421956777572631836e-01
2.805623412132263184e-01
3.427728414535522461e-01
-6.048305332660675049e-02
6.472327709197998047e-01
4.408768415451049805e-01
-2.274630367755889893e-01
-2.473296523094177246e-01
7.391788959503173828e-01
-8.226159811019897461e-01
5.131490230560302734e-01
7.209037542343139648e-01
-4.146364331245422363e-01
3.146870136260986328e-01
7.308091521263122559e-01
2.449264526367187500e-01
-4.772362411022186279e-01
9.410660713911056519e-02
-3.038275837898254395e-01
