5.837486386299133301e-01
4.579955935478210449e-01
2.267282456159591675e-01
2.744573652744293213e-01
7.996073365211486816e-01
7.741514444351196289e-01
2.766155898571014404e-01
-6.991490125656127930e-01
2.118718922138214111e-01
-4.414463341236114502e-01
6.531451940536499023e-01
-4.809156060218811035e-01
3.442508280277252197e-01
4.872423782944679260e-02
5.637292265892028809e-01
3.081808388233184814e-01
-5.907312631607055664e-01
1.024887204170227051e+00
1.178330630064010620e-01
-3.286273181438446045e-01
5.779427886009216309e-01
-5.459468960762023926e-01
7.995182275772094727e-01
-4.701355993747711182e-01
3.888410925865173340e-01
-3.827814459800720215e-01
4.135076105594635010e-01
-4.081306159496307373e-01
3.581002354621887207e-01
-7.099614143371582031e-01
