-5.196127891540527344e-01
-1.626643240451812744e-01
6.337854266166687012e-01
-4.448653459548950195e-01
3.819195926189422607e-01
6.960345506668090820e-01
-2.725078463554382324e-01
-2.590297758579254150e-01
3.338288366794586182e-01
-5.095827579498291016e-01
7.922216057777404785e-01
-6.137964129447937012e-01
4.657739996910095215e-01
2.825703322887420654e-01
-5.696418881416320801e-02
9.366938471794128418e-02
-5.326688885688781738e-01
8.042066693305969238e-01
7.191585302352905273e-01
-3.481952846050262451e-02
-7.337888479232788086e-01
-5.059595704078674316e-01
9.010857343673706055e-01
-1.998012512922286987e-02
-5.287301540374755859e-01
4.879305362701416016e-01
-5.696557164192199707e-01
-6.241616010665893555e-01
-5.479083657264709473e-01
5.412842333316802979e-02
