6.251303553581237793e-01
9.361550211906433105e-02
3.060329854488372803e-01
-4.209046065807342529e-01
1.188741847872734070e-01
-1.289171427488327026e-01
-6.897783875465393066e-01
-2.155578285455703735e-01
-1.086428523063659668e+00
1.012070626020431519e-01
-5.182257294654846191e-01
-1.564626246690750122e-01
-3.927911818027496338e-01
4.137447774410247803e-01
-3.556286692619323730e-01
-1.044419050216674805e+00
5.699442028999328613e-01
-8.297838568687438965e-01
8.990832567214965820e-01
-6.408680677413940430e-01
-7.410964965820312500e-01
-7.764376997947692871e-01
5.530145764350891113e-01
-5.644353032112121582e-01
-3.096658587455749512e-01
-4.679575264453887939e-01
5.666739940643310547e-01
-1.566192507743835449e-02
4.410071074962615967e-01
8.051663637161254883e-02
