-6.005795001983642578e-01
-2.553562819957733154e-01
6.581148505210876465e-01
-3.599420189857482910e-01
-3.684455454349517822e-01
-5.096616148948669434e-01
8.371055722236633301e-01
8.783004283905029297e-01
-8.776426911354064941e-01
-3.854511678218841553e-01
-2.423815727233886719e-01
-3.190275430679321289e-01
9.711347520351409912e-03
-6.015542745590209961e-01
4.030362963676452637e-01
-3.617220818996429443e-01
-6.288719773292541504e-01
-5.242612957954406738e-01
1.877683103084564209e-01
4.904017746448516846e-01
-4.815829098224639893e-01
-6.561717987060546875e-01
-2.409817725419998169e-01
-4.387764334678649902e-01
-3.281980156898498535e-01
-5.563040375709533691e-01
7.093315124511718750e-01
-3.236184418201446533e-01
3.413690924644470215e-01
7.698471844196319580e-02
