2.773627340793609619e-01
-6.902868151664733887e-01
-5.081340670585632324e-01
5.109283328056335449e-01
-2.186477482318878174e-01
-4.285211861133575439e-01
9.108033180236816406e-01
3.993958532810211182e-01
1.956141889095306396e-01
3.137244880199432373e-01
2.147925794124603271e-01
6.389937400817871094e-01
1.180563643574714661e-01
-5.683340430259704590e-01
-2.261030524969100952e-01
-6.349337697029113770e-01
-2.626345157623291016e-01
1.371037364006042480e-01
-4.655272960662841797e-01
4.173252582550048828e-01
-4.920706450939178467e-01
-5.328482985496520996e-01
-2.366102933883666992e-01
-6.330974102020263672e-01
1.428835839033126831e-01
-3.126816451549530029e-01
-6.603779792785644531e-01
-3.289902210235595703e-01
-3.905026912689208984e-01
4.916378855705261230e-01
