1.077306196093559265e-01
1.433059871196746826e-01
4.190581142902374268e-01
2.456791698932647705e-01
-6.196638196706771851e-02
3.282794952392578125e-01
-1.585922390222549438e-01
3.794723376631736755e-02
-3.220828175544738770e-01
-2.581483125686645508e-01
-2.943444550037384033e-01
2.236309200525283813e-01
-1.148445159196853638e-01
2.082847356796264648e-01
-2.980552315711975098e-01
1.271334141492843628e-01
-1.890621036291122437e-01
7.338290214538574219e-01
2.899155914783477783e-01
-2.171374857425689697e-01
-4.076032340526580811e-01
2.162205874919891357e-01
1.023878082633018494e-01
3.358219265937805176e-01
-1.246507391333580017e-01
2.895385921001434326e-01
-2.835098206996917725e-01
-1.915581524372100830e-01
-1.389711499214172363e-01
-1.794153451919555664e-01
