-7.827854156494140625e-01
-1.965279132127761841e-01
6.362404823303222656e-01
8.343371748924255371e-01
5.494336485862731934e-01
8.171191215515136719e-01
7.532373666763305664e-01
4.325141012668609619e-01
5.034493803977966309e-01
-5.882655978202819824e-01
2.237329930067062378e-01
-6.633375287055969238e-01
-5.790093541145324707e-01
-3.714940249919891357e-01
-2.775654755532741547e-02
-6.884661912918090820e-01
6.229414343833923340e-01
8.259618878364562988e-01
-4.184470772743225098e-01
-6.058654189109802246e-01
4.324690997600555420e-02
1.115480363368988037e-01
1.155296117067337036e-01
3.574970662593841553e-01
4.203348159790039062e-01
-2.962419688701629639e-01
-1.325203329324722290e-01
-8.833143115043640137e-02
4.324303567409515381e-01
8.705943226814270020e-01
