3.517926931381225586e-01
9.734436273574829102e-01
7.302281260490417480e-01
1.275846600532531738e+00
4.264754354953765869e-01
-8.881931304931640625e-01
-6.193380057811737061e-02
6.238042712211608887e-01
-7.856246829032897949e-01
-9.073625802993774414e-01
2.999593913555145264e-01
-2.757627069950103760e-01
-4.077072143554687500e-01
1.227527707815170288e-01
-3.538478910923004150e-01
-6.839023530483245850e-02
1.344547569751739502e-01
1.742196083068847656e-01
-5.830396413803100586e-01
-1.083340272307395935e-01
1.561007499694824219e-01
5.116072669625282288e-02
-1.271225232630968094e-02
8.609993010759353638e-02
-8.102063536643981934e-01
2.979022562503814697e-01
4.456724822521209717e-01
4.912880063056945801e-01
6.242734789848327637e-01
2.337471954524517059e-02
