-6.213775873184204102e-01
3.694406747817993164e-01
9.628461599349975586e-01
3.024388551712036133e-01
2.512834668159484863e-01
1.861189603805541992e-01
-5.551298707723617554e-02
4.833352565765380859e-01
1.203319430351257324e-01
-4.762506783008575439e-01
-2.317863851785659790e-01
-4.903613328933715820e-01
-6.297525167465209961e-01
-3.330768346786499023e-01
2.313825637102127075e-01
3.046970069408416748e-01
-4.031254947185516357e-01
-1.507524400949478149e-01
9.022785425186157227e-01
3.229791224002838135e-01
-3.737080693244934082e-01
-6.052127853035926819e-02
-4.864003062248229980e-01
-5.556203126907348633e-01
-3.432178869843482971e-02
-3.179085850715637207e-01
3.054023385047912598e-01
5.455307960510253906e-01
-5.121066570281982422e-01
4.848917722702026367e-01
