-5.267004966735839844e-01
7.229808568954467773e-01
-8.162379264831542969e-01
-5.617402791976928711e-01
1.205982804298400879e+00
-1.564180403947830200e-01
8.062032461166381836e-01
-1.804699152708053589e-01
-4.992167353630065918e-01
-9.911186099052429199e-01
-1.229523539543151855e+00
4.306867718696594238e-01
-7.002922296524047852e-01
7.889261841773986816e-01
-6.847411990165710449e-01
8.634305000305175781e-01
-2.423441559076309204e-01
-7.322504520416259766e-01
-1.069365859031677246e+00
-1.286061406135559082e-01
-8.263868093490600586e-01
6.105849146842956543e-02
7.263588905334472656e-01
6.035351753234863281e-01
6.695957183837890625e-01
-5.708908438682556152e-01
-5.084017515182495117e-01
5.768801271915435791e-02
6.316017508506774902e-01
7.294011116027832031e-01
