1.025240182876586914e+00
-5.134178400039672852e-01
2.126578688621520996e-01
5.371944308280944824e-01
7.521411776542663574e-01
1.050450921058654785e+00
1.152479574084281921e-01
1.031837388873100281e-01
-6.490786075592041016e-01
-1.106575369834899902e+00
-7.331321388483047485e-02
-4.946929216384887695e-01
7.243027687072753906e-01
-6.243968009948730469e-01
2.205172926187515259e-01
6.853302121162414551e-01
-1.037945821881294250e-01
-1.839340329170227051e-01
1.186588406562805176e-01
6.549394130706787109e-01
-5.447956547141075134e-02
3.989018201828002930e-01
9.323229640722274780e-02
9.174767136573791504e-02
8.832669258117675781e-01
6.161157488822937012e-01
5.160561949014663696e-02
7.626653909683227539e-01
-2.319820523262023926e-01
3.475623428821563721e-01
