6.301951408386230469e-01
7.058298587799072266e-01
7.259886264801025391e-01
4.288733303546905518e-01
-9.144065529108047485e-02
-3.800564110279083252e-01
-5.169743895530700684e-01
-4.308632910251617432e-01
-1.340485572814941406e+00
2.931001782417297363e-01
3.591742217540740967e-01
-7.440528869628906250e-01
1.597974449396133423e-01
-9.483661502599716187e-02
8.562427759170532227e-01
4.018872976303100586e-01
-5.695577263832092285e-01
6.512567996978759766e-01
-4.483736455440521240e-01
-5.440574511885643005e-02
3.209746479988098145e-01
-8.458473086357116699e-01
-1.544510126113891602e-01
4.206607341766357422e-01
-1.085884451866149902e+00
-3.479006290435791016e-01
-3.956090211868286133e-01
-6.643642671406269073e-03
5.613242089748382568e-02
-1.887036263942718506e-01
