-1.292818039655685425e-01
-2.096150815486907959e-01
-1.175063103437423706e-01
3.775323629379272461e-01
-4.889009520411491394e-02
-1.945794820785522461e-01
-7.752332091331481934e-01
-1.880389451980590820e-01
2.138514444231987000e-02
-2.759982943534851074e-01
-3.900139927864074707e-01
5.391964912414550781e-01
1.441712230443954468e-01
1.104134470224380493e-01
-2.080159038305282593e-01
-2.234406620264053345e-01
4.238804876804351807e-01
1.181193664669990540e-01
-1.302461326122283936e-01
1.737038046121597290e-02
-2.582798600196838379e-01
8.866494148969650269e-02
-1.607277840375900269e-01
2.308740094304084778e-02
3.931118249893188477e-01
6.985484808683395386e-02
1.939478516578674316e-01
-5.818743258714675903e-02
-5.322683453559875488e-01
-2.945222854614257812e-01
