-3.208154439926147461e-01
4.968880712985992432e-01
-5.288432836532592773e-01
-1.217152103781700134e-01
3.593603372573852539e-01
-9.757547974586486816e-01
1.426061987876892090e-01
1.002923846244812012e+00
8.607004284858703613e-01
3.496666252613067627e-01
6.349303722381591797e-01
4.775176346302032471e-01
-6.433119177818298340e-01
-6.387234330177307129e-01
4.503441229462623596e-02
4.949894249439239502e-01
5.397446155548095703e-01
1.616875678300857544e-01
4.405011981725692749e-02
1.246025636792182922e-01
3.111452162265777588e-01
-3.044100701808929443e-01
-8.885335326194763184e-01
2.575402259826660156e-01
-2.399701923131942749e-01
-6.302447319030761719e-01
8.341279625892639160e-01
3.575763702392578125e-01
-1.094636201858520508e+00
-1.473245956003665924e-02
