-3.569241762161254883e-01
-4.711945354938507080e-01
-2.178790420293807983e-01
1.057346224784851074e+00
-2.198801189661026001e-01
4.117926582694053650e-02
7.545500993728637695e-01
-3.645465970039367676e-01
-6.343633532524108887e-01
3.624609410762786865e-01
-4.790948033332824707e-01
-3.956615030765533447e-01
1.884434819221496582e-01
-9.241966903209686279e-02
2.714779973030090332e-01
3.310914933681488037e-01
-6.820239424705505371e-01
1.397079825401306152e-01
3.462108969688415527e-01
3.595277369022369385e-01
2.051158845424652100e-01
2.888583242893218994e-01
-3.869070112705230713e-01
1.829254865646362305e+00
-2.674186229705810547e-02
-1.771641336381435394e-02
9.145784378051757812e-02
-1.361548662185668945e+00
-7.266278266906738281e-01
-3.810464143753051758e-01
