-2.542465329170227051e-01
1.026052013039588928e-01
8.378956466913223267e-03
-3.206925690174102783e-01
8.154578208923339844e-01
6.536307334899902344e-01
-7.666540741920471191e-01
4.186237752437591553e-01
-5.971885919570922852e-01
-5.227685570716857910e-01
-3.389575481414794922e-01
-2.230350375175476074e-01
9.850807487964630127e-02
-6.097304821014404297e-01
-8.456079959869384766e-01
5.323584675788879395e-01
3.905848562717437744e-01
7.347499728202819824e-01
1.552847027778625488e-01
-9.699474573135375977e-01
-6.345414519309997559e-01
-6.256825923919677734e-01
5.373911857604980469e-01
5.431142449378967285e-01
-5.685210227966308594e-01
5.118792057037353516e-01
-3.897074460983276367e-01
7.620609402656555176e-01
5.384354591369628906e-01
-4.788950681686401367e-01
