-4.209045767784118652e-01
-5.216522812843322754e-01
-4.483176469802856445e-01
-3.200655877590179443e-01
8.162297308444976807e-02
2.426728308200836182e-01
-2.301219850778579712e-02
-9.829924441874027252e-03
-1.876257061958312988e-01
1.733390390872955322e-01
2.243387997150421143e-01
5.846469104290008545e-02
6.232824921607971191e-01
2.611362934112548828e-01
-4.407951235771179199e-01
2.144688218832015991e-01
-7.831174880266189575e-03
-3.114508092403411865e-01
9.950018674135208130e-02
3.050442039966583252e-01
-2.419234216213226318e-01
1.608052998781204224e-01
-2.812289893627166748e-01
2.828372716903686523e-01
3.676583170890808105e-01
1.710619181394577026e-01
4.471901655197143555e-01
-2.555788755416870117e-01
2.702592015266418457e-01
6.236332654953002930e-01
