-2.492467164993286133e-01
2.361504435539245605e-01
-1.369401216506958008e-01
5.443831086158752441e-01
3.096135258674621582e-01
-1.261227726936340332e-01
3.210144937038421631e-01
2.543107271194458008e-01
-5.316244065761566162e-02
9.083240479230880737e-02
-3.017392456531524658e-01
3.200195729732513428e-01
4.325169622898101807e-01
3.153083324432373047e-01
-1.996618658304214478e-01
2.695921063423156738e-01
-2.506427466869354248e-01
-9.899549186229705811e-02
-5.171453952789306641e-01
-2.880051732063293457e-01
-1.487762928009033203e-01
-3.379355669021606445e-01
2.542698979377746582e-01
-9.884960204362869263e-02
2.154887281358242035e-02
-5.049703121185302734e-01
-5.502831339836120605e-01
-1.378022134304046631e-01
-1.008747592568397522e-01
-3.551901280879974365e-01
