1.028123646974563599e-01
3.446425199508666992e-01
2.860041856765747070e-01
3.654551804065704346e-01
-3.569304645061492920e-01
-4.495511353015899658e-01
-1.899915188550949097e-01
-2.961933612823486328e-01
-1.885331273078918457e-01
3.032815754413604736e-01
-2.236333042383193970e-01
3.979968726634979248e-01
-2.207215428352355957e-01
7.455291152000427246e-01
-6.513432264328002930e-01
2.982891499996185303e-01
-2.356445640325546265e-01
-2.893503904342651367e-01
-3.134728670120239258e-01
-1.058583846315741539e-03
2.296167165040969849e-01
-6.581584811210632324e-01
5.439858436584472656e-01
-3.699419498443603516e-01
-1.339844167232513428e-01
-1.272408515214920044e-01
5.106482654809951782e-02
2.880975604057312012e-01
1.491167247295379639e-01
-2.271213531494140625e-01
