-4.538579881191253662e-01
-1.788397431373596191e-01
-6.427903771400451660e-01
5.615046024322509766e-01
4.884610474109649658e-01
-1.804495602846145630e-01
9.030060768127441406e-01
-1.391569018363952637e+00
-9.735620617866516113e-01
5.839294195175170898e-01
-3.151954412460327148e-01
3.654563128948211670e-01
3.685680329799652100e-01
-5.851196050643920898e-01
5.751254558563232422e-01
-8.029581047594547272e-03
-3.262977600097656250e-01
3.525719940662384033e-01
-4.957540333271026611e-02
5.415937900543212891e-01
-3.587937653064727783e-01
-3.743859231472015381e-01
2.728783190250396729e-01
1.559900343418121338e-01
2.974844872951507568e-01
-2.482877671718597412e-01
4.487375319004058838e-01
4.514881968498229980e-01
2.133975774049758911e-01
2.367382049560546875e-01
