-4.633028507232666016e-01
2.270898073911666870e-01
3.301500380039215088e-01
-5.515298247337341309e-01
-4.052903056144714355e-01
-4.178245067596435547e-01
-7.044626474380493164e-01
-2.583204507827758789e-01
5.073029398918151855e-01
7.828621566295623779e-02
-5.592876672744750977e-01
6.257157325744628906e-01
-5.438992977142333984e-01
-1.092345476150512695e+00
5.894348621368408203e-01
-2.846782803535461426e-01
1.265758574008941650e-01
1.395425796508789062e-01
4.367979466915130615e-01
-7.890805602073669434e-02
4.393521547317504883e-01
7.974001169204711914e-01
5.074824690818786621e-01
-6.823617815971374512e-01
-2.225996404886245728e-01
-3.405418097972869873e-01
3.317599892616271973e-01
7.229613661766052246e-01
-4.029592275619506836e-01
5.516830086708068848e-01
