-4.122164249420166016e-01
-8.855223059654235840e-01
-3.567983508110046387e-01
2.992651462554931641e-01
1.117961406707763672e+00
-5.964417457580566406e-01
4.088862240314483643e-01
-3.111984729766845703e-01
6.146009564399719238e-01
6.977424621582031250e-01
-2.698934674263000488e-01
-2.744551301002502441e-01
-5.694727599620819092e-02
-7.808813452720642090e-02
8.030667901039123535e-02
6.987497210502624512e-01
4.049208164215087891e-01
2.486287616193294525e-02
-1.710525006055831909e-01
-6.700730323791503906e-01
4.434098005294799805e-01
3.544819653034210205e-01
-1.755489408969879150e-01
6.185786724090576172e-01
4.473381042480468750e-01
-8.099859952926635742e-02
1.132590100169181824e-01
-7.960112690925598145e-01
-3.333018124103546143e-01
-6.050365567207336426e-01
