5.841025337576866150e-02
-2.853494836017489433e-03
-2.360345423221588135e-01
5.508322119712829590e-01
-7.034071087837219238e-01
-7.933237552642822266e-01
5.831872820854187012e-01
-4.285883307456970215e-01
3.167809247970581055e-01
4.174939393997192383e-01
3.300323486328125000e-01
1.726039052009582520e-01
2.537764906883239746e-01
4.738128781318664551e-01
-5.737330764532089233e-02
-3.509051799774169922e-01
7.845321893692016602e-01
-2.907703816890716553e-01
5.298609733581542969e-01
-3.324828743934631348e-01
-8.639185428619384766e-01
-5.204212665557861328e-01
4.513802826404571533e-01
-1.865055710077285767e-01
2.201242186129093170e-02
5.196675658226013184e-01
2.221369147300720215e-01
-1.358301639556884766e-01
-5.298489928245544434e-01
2.797615528106689453e-01
