-5.027727484703063965e-01
-1.858516186475753784e-01
-6.122489571571350098e-01
-2.103110589087009430e-02
2.381852865219116211e-01
-2.985919415950775146e-01
-5.211104750633239746e-01
1.137919351458549500e-01
2.955312430858612061e-01
-2.410670667886734009e-01
-2.389171719551086426e-01
4.463936761021614075e-02
-2.737499773502349854e-01
2.191617190837860107e-01
4.116316139698028564e-01
-4.932064414024353027e-01
-5.878819227218627930e-01
-9.237334132194519043e-02
-7.585775852203369141e-01
-4.351311028003692627e-01
1.879233568906784058e-01
-2.842725515365600586e-01
1.711861193180084229e-01
-8.209901452064514160e-01
4.461312890052795410e-01
9.596567749977111816e-01
-2.929044961929321289e-01
7.905102372169494629e-01
-5.866062045097351074e-01
2.824470996856689453e-01
