-6.258887648582458496e-01
4.250545203685760498e-01
-4.831635653972625732e-01
-5.233955383300781250e-01
2.755046188831329346e-01
6.419494152069091797e-01
1.182142943143844604e-01
-5.215466022491455078e-01
2.088503241539001465e-01
-3.798362016677856445e-01
-3.013570308685302734e-01
-1.097927019000053406e-01
5.945761203765869141e-01
7.051434516906738281e-01
3.924766778945922852e-01
1.955103278160095215e-01
2.439363598823547363e-01
5.932856202125549316e-01
-5.041925907135009766e-01
-4.576666746288537979e-03
2.150547206401824951e-01
5.120667815208435059e-01
-1.796544045209884644e-01
5.109868049621582031e-01
-7.752187550067901611e-02
-5.202814936637878418e-01
-3.036240339279174805e-01
-1.781968176364898682e-01
3.099326491355895996e-01
5.753489732742309570e-01
