1.041255593299865723e+00
5.115939378738403320e-01
6.356632113456726074e-01
-5.141735076904296875e-01
4.914337098598480225e-01
-5.994501113891601562e-01
-5.110328197479248047e-01
-1.523921340703964233e-01
1.015890121459960938e+00
-4.616793394088745117e-01
-5.985357761383056641e-01
-8.402011394500732422e-01
5.413609743118286133e-01
1.156671285629272461e+00
4.549616277217864990e-01
-8.873610496520996094e-01
-3.061303496360778809e-01
8.384165167808532715e-01
1.895850747823715210e-01
-1.096261262893676758e+00
3.106327950954437256e-01
5.520191043615341187e-02
-3.488231897354125977e-01
-5.095887184143066406e-01
3.912090361118316650e-01
6.665396690368652344e-01
4.319461882114410400e-01
-4.187740385532379150e-01
1.774244457483291626e-01
-1.046236157417297363e-01
