3.723569810390472412e-01
4.438607394695281982e-01
7.366263121366500854e-02
-5.475012660026550293e-01
3.874496221542358398e-01
2.379037812352180481e-02
-2.168147712945938110e-01
-4.324371814727783203e-01
-8.174409717321395874e-02
-4.974336922168731689e-01
1.258935570716857910e+00
-3.762574493885040283e-01
1.144808605313301086e-01
4.181172251701354980e-01
-4.555161297321319580e-02
5.481858253479003906e-01
4.575641155242919922e-01
-6.523693203926086426e-01
2.801857888698577881e-01
1.505434662103652954e-01
8.807658553123474121e-01
3.351120650768280029e-01
-6.005892753601074219e-01
-7.188771963119506836e-01
6.800393462181091309e-01
3.752683997154235840e-01
-2.310030758380889893e-01
1.003746747970581055e+00
9.341966360807418823e-02
-7.791091799736022949e-01
