2.541479170322418213e-01
1.515522450208663940e-01
6.112609505653381348e-01
-8.034887909889221191e-01
-3.500953316688537598e-01
-6.975228190422058105e-01
5.963554382324218750e-01
-9.952152371406555176e-01
-9.878861308097839355e-01
-3.153067529201507568e-01
-8.629441261291503906e-02
8.448323011398315430e-01
3.777817189693450928e-01
9.122794270515441895e-01
5.479247570037841797e-01
-3.897207677364349365e-01
-5.664096474647521973e-01
-5.297964811325073242e-01
1.643293052911758423e-01
1.025220677256584167e-01
-3.795185089111328125e-01
-9.159744977951049805e-01
-6.800037622451782227e-01
4.458450675010681152e-01
-6.373771429061889648e-01
6.868201494216918945e-01
-1.357895433902740479e-01
-7.903376221656799316e-02
4.202661812305450439e-01
-3.909578025341033936e-01
