-9.891489148139953613e-02
2.170737832784652710e-01
5.723783969879150391e-01
-6.294190287590026855e-01
1.960878521203994751e-01
-4.732848703861236572e-01
6.122564673423767090e-01
9.808537364006042480e-02
-9.186671376228332520e-01
-7.056187391281127930e-01
2.221853882074356079e-01
4.169633090496063232e-01
-3.653606474399566650e-01
-8.897162675857543945e-01
1.174655184149742126e-01
5.201094150543212891e-01
4.890281260013580322e-01
4.562000632286071777e-01
-6.016591787338256836e-01
3.376802206039428711e-01
-3.307203054428100586e-01
2.020919620990753174e-01
-8.583210110664367676e-01
5.036653876304626465e-01
-2.522251605987548828e-01
4.085018932819366455e-01
-2.643162608146667480e-01
-5.674545168876647949e-01
-4.745134711265563965e-01
-4.019853174686431885e-01
