3.293108046054840088e-01
-4.320079386234283447e-01
6.379139423370361328e-02
-2.507098317146301270e-01
1.758727878332138062e-01
3.808610141277313232e-01
5.538901686668395996e-01
-4.187247455120086670e-01
-5.275270342826843262e-01
-1.420468688011169434e-01
-3.326719626784324646e-02
-1.714102029800415039e-01
3.390148878097534180e-01
-2.071117162704467773e-01
2.408398687839508057e-01
-3.959971964359283447e-01
-1.388770341873168945e-01
1.902129948139190674e-01
5.009993538260459900e-02
-7.069855928421020508e-02
-2.900576889514923096e-01
-9.022848308086395264e-02
-1.929445266723632812e-01
-3.391019254922866821e-02
1.040010079741477966e-01
3.688048422336578369e-01
4.789283871650695801e-02
-1.366421282291412354e-01
-1.446108967065811157e-01
-3.481740653514862061e-01
