1.933452188968658447e-01
-2.450259625911712646e-01
-3.926654160022735596e-01
-8.549987524747848511e-02
-5.484899505972862244e-02
-4.754251241683959961e-01
-9.357521682977676392e-02
-4.774925708770751953e-01
1.081981062889099121e-01
3.481499552726745605e-01
-2.967992052435874939e-02
-1.299747526645660400e-01
3.930818438529968262e-01
3.470557928085327148e-01
-3.021257519721984863e-01
-3.240814507007598877e-01
-2.463029325008392334e-01
9.335938096046447754e-02
6.274335980415344238e-01
-1.965196430683135986e-01
-4.832035005092620850e-01
-4.497710764408111572e-01
1.040036976337432861e-01
5.115551352500915527e-01
-1.445153206586837769e-01
9.751695394515991211e-02
-2.945897877216339111e-01
-3.625820577144622803e-01
6.838539242744445801e-02
5.443571507930755615e-02
