3.837921917438507080e-01
8.468854427337646484e-01
2.444992959499359131e-01
1.235812008380889893e-01
5.143015384674072266e-01
-3.643267452716827393e-01
-6.484853625297546387e-01
-4.354000091552734375e-01
-5.420548915863037109e-01
-2.672925889492034912e-01
2.593627870082855225e-01
-3.545221984386444092e-01
-7.575733959674835205e-02
6.496470570564270020e-01
4.555778205394744873e-01
-2.799233496189117432e-01
2.411215156316757202e-01
1.284858435392379761e-01
-4.363704025745391846e-01
1.267596781253814697e-01
-4.800826609134674072e-01
-3.453668355941772461e-01
4.863415658473968506e-01
-8.659963309764862061e-02
-2.063407152891159058e-01
-5.281550884246826172e-01
-4.174457788467407227e-01
-4.644993543624877930e-01
-6.133883595466613770e-01
3.191322386264801025e-01
