-6.023102998733520508e-01
1.487325131893157959e-01
5.309416651725769043e-01
2.815656363964080811e-01
-7.734240591526031494e-02
-3.195087313652038574e-01
-6.691769361495971680e-01
5.080272555351257324e-01
-3.691094517707824707e-01
-6.542803049087524414e-01
-2.515822052955627441e-01
4.798920750617980957e-01
-5.090332627296447754e-01
7.084825634956359863e-01
-7.503542304039001465e-02
3.196886181831359863e-01
-3.685196936130523682e-01
5.400909781455993652e-01
1.247593015432357788e-01
4.199230670928955078e-01
2.885436713695526123e-01
5.360437035560607910e-01
7.321109771728515625e-01
-6.354172229766845703e-01
4.993724822998046875e-01
-6.388728022575378418e-01
1.119791492819786072e-01
-6.361426711082458496e-01
5.378643274307250977e-01
6.692132353782653809e-01
