5.895470976829528809e-01
-3.189750909805297852e-01
-4.827398657798767090e-01
-1.515936255455017090e-01
3.346869945526123047e-01
-4.782217741012573242e-01
-3.099983930587768555e-01
1.166985929012298584e-01
-6.969413757324218750e-01
-8.189560770988464355e-01
-1.023378014564514160e+00
-2.707682549953460693e-01
7.733615636825561523e-01
1.658654958009719849e-01
1.769668608903884888e-01
-1.608416736125946045e-01
7.632074505090713501e-02
-1.624759793281555176e+00
-7.247505187988281250e-01
7.297449707984924316e-01
-8.410012125968933105e-01
-4.115329086780548096e-01
-1.052158176898956299e-01
5.828843712806701660e-01
8.229647874832153320e-01
-5.873230844736099243e-02
1.780389845371246338e-01
5.249144043773412704e-03
-6.000023484230041504e-01
6.774772405624389648e-01
