4.319634735584259033e-01
-7.200392335653305054e-02
2.085859179496765137e-01
4.372282326221466064e-01
1.325935125350952148e-01
1.792560964822769165e-01
-3.999553918838500977e-01
-1.955090761184692383e-01
1.241187006235122681e-01
-3.696890920400619507e-02
2.026700079441070557e-01
2.065021842718124390e-01
-3.637457191944122314e-01
3.242799043655395508e-01
2.748847007751464844e-01
-1.382848769426345825e-01
1.532457470893859863e-01
3.532010316848754883e-01
9.403771162033081055e-02
-1.377764344215393066e-01
-3.929386138916015625e-01
-5.412787199020385742e-01
1.615266948938369751e-01
-7.988794241100549698e-04
2.437396943569183350e-01
2.548844218254089355e-01
3.705788850784301758e-01
-4.074606001377105713e-01
1.615976691246032715e-01
-3.081240653991699219e-01
