-7.695766687393188477e-01
-2.914427220821380615e-01
-3.404918909072875977e-01
5.484096407890319824e-01
-3.116894960403442383e-01
1.198335766792297363e+00
-4.221459627151489258e-01
1.230602622032165527e+00
-2.488432079553604126e-01
-5.850939750671386719e-01
3.569781482219696045e-01
3.035880923271179199e-01
-1.595632433891296387e-01
1.796691566705703735e-01
-9.692777693271636963e-02
2.253455668687820435e-01
6.663753390312194824e-01
2.174233943223953247e-01
-3.310414850711822510e-01
-6.986429691314697266e-01
-9.072398394346237183e-02
-1.181375980377197266e+00
-4.833013191819190979e-02
-9.548040032386779785e-01
1.385700225830078125e+00
-6.030983328819274902e-01
4.239951726049184799e-03
7.828031778335571289e-01
5.191043019294738770e-01
-6.965919733047485352e-01
