-2.761425673961639404e-01
-1.655748486518859863e-01
3.648724257946014404e-01
-1.790920644998550415e-02
-3.820852339267730713e-01
-2.082216590642929077e-01
3.627663478255271912e-02
-1.085427403450012207e-01
-9.839282929897308350e-02
6.503157019615173340e-01
2.955035567283630371e-01
2.049214541912078857e-01
-5.870935916900634766e-01
-2.044721245765686035e-01
2.349916398525238037e-01
9.623231738805770874e-02
1.495567858219146729e-01
-1.765744090080261230e-01
1.558685898780822754e-01
4.019025564193725586e-01
-6.959086656570434570e-01
4.202963113784790039e-01
1.989448629319667816e-02
-5.359440445899963379e-01
-4.198647439479827881e-01
3.034065663814544678e-01
2.478345036506652832e-01
-3.878799676895141602e-01
-5.248449444770812988e-01
2.404754459857940674e-01
