-2.810440957546234131e-01
7.212095856666564941e-01
2.855943143367767334e-01
-1.469944119453430176e-01
2.099744081497192383e-01
2.182003557682037354e-01
8.357773423194885254e-01
1.445489078760147095e-01
-2.813414633274078369e-01
-4.453384876251220703e-01
3.561242818832397461e-01
2.761600613594055176e-01
-8.153271675109863281e-02
4.021902978420257568e-01
2.687782943248748779e-01
4.130039513111114502e-01
1.295225620269775391e-01
-3.543712496757507324e-01
-3.051255345344543457e-01
8.069519996643066406e-01
4.692443609237670898e-01
1.984850466251373291e-01
-5.046816170215606689e-02
3.406159207224845886e-02
-5.715767294168472290e-02
6.445173025131225586e-01
-1.669103652238845825e-01
5.219231247901916504e-01
-2.341586053371429443e-01
4.306519031524658203e-01
