-6.662261486053466797e-01
6.930648088455200195e-01
-1.266474276781082153e-01
-1.845447421073913574e-01
3.068555593490600586e-01
-2.531640827655792236e-01
-6.938670277595520020e-01
3.568788170814514160e-01
-4.645023047924041748e-01
-1.877425760030746460e-01
5.247061252593994141e-01
-1.228338778018951416e-01
2.553604841232299805e-01
2.030925750732421875e-01
5.048676133155822754e-01
2.381083369255065918e-01
-1.061138749122619629e+00
-4.328714311122894287e-01
4.961458593606948853e-02
3.053978979587554932e-01
2.342270016670227051e-01
-2.266886085271835327e-01
-7.832810282707214355e-02
-5.589662492275238037e-02
4.664767980575561523e-01
-6.906965374946594238e-01
-2.927426397800445557e-01
-1.674863994121551514e-01
2.164110988378524780e-01
3.492866754531860352e-01
