1.923657059669494629e-01
-7.062576413154602051e-01
5.884474609047174454e-03
6.593587994575500488e-02
1.263665705919265747e-01
-1.109615787863731384e-01
-4.735440015792846680e-01
-4.167512059211730957e-02
3.747537136077880859e-01
2.877972833812236786e-02
-3.671039938926696777e-01
-4.283805787563323975e-01
-1.825482249259948730e-01
-8.677219152450561523e-01
-3.281722962856292725e-01
1.455912739038467407e-01
-4.092131853103637695e-01
5.057249665260314941e-01
-1.941587626934051514e-01
9.867892600595951080e-03
3.616560399532318115e-01
1.073671728372573853e-01
1.693536043167114258e-01
-1.835773140192031860e-01
1.753127551637589931e-03
-1.305299252271652222e-02
8.496499806642532349e-02
-3.463191688060760498e-01
2.243210673332214355e-01
1.713320016860961914e-01
