-1.024038419127464294e-01
-1.040512621402740479e-01
9.728388488292694092e-02
5.325314402580261230e-01
-4.261588677763938904e-02
-2.138382494449615479e-01
-4.220700860023498535e-01
-3.931487798690795898e-01
5.132114887237548828e-01
-8.110795915126800537e-02
6.889703124761581421e-02
1.762652248144149780e-01
-2.171110957860946655e-01
-1.903132162988185883e-02
2.651548981666564941e-01
-6.997010111808776855e-01
-3.378215134143829346e-01
-5.488757491111755371e-01
3.428930640220642090e-01
4.211813211441040039e-01
-2.260481268167495728e-01
-2.214601486921310425e-01
1.896905004978179932e-01
-7.076076269149780273e-01
-3.144406974315643311e-01
2.740179896354675293e-01
-2.071600705385208130e-01
-5.431451797485351562e-01
3.434134423732757568e-01
7.370918989181518555e-03
