2.211356908082962036e-01
7.098977454006671906e-03
5.628169178962707520e-01
3.734432160854339600e-01
-5.424867868423461914e-01
9.743413329124450684e-01
2.960464954376220703e-01
4.954575002193450928e-01
-5.586245656013488770e-01
1.915815174579620361e-01
-2.024568766355514526e-01
-8.661317080259323120e-02
-2.669010460376739502e-01
-5.748899579048156738e-01
-5.845943093299865723e-01
-5.528528094291687012e-01
-6.870643496513366699e-01
1.998512297868728638e-01
1.867508739233016968e-01
7.819777727127075195e-01
-7.574417591094970703e-01
-3.909111917018890381e-01
7.263781875371932983e-02
5.071996450424194336e-01
6.400754451751708984e-01
6.184623837471008301e-01
-1.123665571212768555e+00
1.511052250862121582e+00
-9.870831966400146484e-01
-5.067526176571846008e-02
