-3.283018171787261963e-01
-2.958055436611175537e-01
-2.633800208568572998e-01
-4.498292878270149231e-02
1.959070712327957153e-01
2.451893985271453857e-01
7.361067831516265869e-02
1.772778481245040894e-02
-1.116664409637451172e-01
-1.708883643150329590e-01
3.218961954116821289e-01
2.977930307388305664e-01
-3.806367218494415283e-01
-2.631275951862335205e-01
3.029621839523315430e-01
-3.229771852493286133e-01
5.550428628921508789e-01
-4.224323630332946777e-01
-1.355465948581695557e-01
2.690296769142150879e-01
4.099932610988616943e-01
-2.793906927108764648e-01
2.562346458435058594e-01
1.505093425512313843e-01
-2.485741078853607178e-01
1.182143464684486389e-01
-4.166434407234191895e-01
1.090825572609901428e-01
4.705044254660606384e-02
-1.378390789031982422e-01
