1.502661556005477905e-01
-8.887414336204528809e-01
4.503824114799499512e-01
-2.984643168747425079e-02
1.066553592681884766e-01
-5.070598721504211426e-01
-1.782067269086837769e-01
2.689855992794036865e-01
-8.217679709196090698e-02
-1.398292332887649536e-01
-8.373621851205825806e-02
-2.425663024187088013e-01
6.544001102447509766e-01
-3.989072442054748535e-01
7.895474135875701904e-02
5.454013943672180176e-01
-1.723688840866088867e-01
1.643172651529312134e-01
-2.562873996794223785e-02
2.973618805408477783e-01
-1.935626417398452759e-01
-3.553415536880493164e-01
5.942252874374389648e-01
-3.302203714847564697e-01
2.553839981555938721e-01
2.466302365064620972e-01
-3.143135309219360352e-01
9.665584564208984375e-02
1.874368339776992798e-01
2.077529877424240112e-01
