-3.351314067840576172e-01
2.521470189094543457e-01
-1.946321129798889160e-01
3.222021460533142090e-01
5.966487526893615723e-01
8.497946858406066895e-01
3.490604460239410400e-01
-8.624899387359619141e-01
-2.496585100889205933e-01
-1.710310429334640503e-01
-3.129300177097320557e-01
9.611179232597351074e-01
6.489596515893936157e-02
-5.231574773788452148e-01
9.244768619537353516e-01
-6.518840193748474121e-01
2.028479576110839844e-01
5.323076844215393066e-01
4.804305136203765869e-01
4.368200898170471191e-02
-3.520771861076354980e-01
-5.154677629470825195e-01
6.247864365577697754e-01
-4.664681553840637207e-01
-2.442841380834579468e-01
3.621417582035064697e-01
1.472718715667724609e-01
3.061122596263885498e-01
5.189462304115295410e-01
-2.796267271041870117e-01
