-8.763082027435302734e-01
-5.180142521858215332e-01
2.614843249320983887e-01
2.009519636631011963e-01
-8.699020743370056152e-02
3.548963963985443115e-01
2.342070788145065308e-01
-6.463628411293029785e-01
1.305227726697921753e-01
-5.121535062789916992e-01
5.488777533173561096e-02
4.737409949302673340e-01
-5.264389514923095703e-01
2.978167533874511719e-01
-9.610829353332519531e-01
5.907546877861022949e-01
2.367127537727355957e-01
-3.255490958690643311e-01
-7.521296143531799316e-01
-4.149248898029327393e-01
1.786765903234481812e-01
9.812674671411514282e-02
-5.708112716674804688e-01
-3.226681649684906006e-01
-6.944993734359741211e-01
7.159022688865661621e-01
2.370358109474182129e-01
1.110957339406013489e-01
-1.361847817897796631e-01
3.266724646091461182e-01
