3.098306953907012939e-01
-1.203097850084304810e-01
8.516476154327392578e-01
1.911043524742126465e-01
3.494058549404144287e-01
-2.440393269062042236e-01
-1.727573424577713013e-01
3.139597177505493164e-01
-1.126238346099853516e+00
-5.025165081024169922e-01
1.164128303527832031e+00
4.293393194675445557e-01
-4.749314188957214355e-01
-1.144402474164962769e-02
5.570797920227050781e-01
5.411313772201538086e-01
-3.104431331157684326e-01
9.454025328159332275e-02
2.381786108016967773e-01
-5.758759379386901855e-01
-4.120632112026214600e-01
-4.334520697593688965e-01
-4.273198246955871582e-01
2.678618133068084717e-01
-7.076859474182128906e-01
-5.012189149856567383e-01
1.027702316641807556e-01
-4.649978280067443848e-01
-6.949275732040405273e-01
-3.117672167718410492e-02
