-7.112483978271484375e-01
8.595200181007385254e-01
9.624475836753845215e-01
-3.452973067760467529e-01
4.462256133556365967e-01
-4.131110906600952148e-01
7.864837646484375000e-01
2.568409442901611328e-01
-6.394424289464950562e-02
-9.529811888933181763e-02
-3.306908905506134033e-01
-2.341517657041549683e-01
-1.883198916912078857e-01
2.060006111860275269e-01
-3.087389469146728516e-01
-5.426317825913429260e-02
4.188324213027954102e-01
1.762922108173370361e-01
-2.406455427408218384e-01
5.775924921035766602e-01
6.206601485610008240e-02
7.646120190620422363e-01
-7.777016162872314453e-01
-5.056850314140319824e-01
3.791445121169090271e-02
-1.513719707727432251e-01
1.044439002871513367e-01
3.135392665863037109e-01
6.750628948211669922e-01
-7.127515673637390137e-01
