-3.845738470554351807e-01
-2.183895111083984375e-01
-5.152699947357177734e-01
-4.348451495170593262e-01
3.937205374240875244e-01
1.057285815477371216e-01
3.147623538970947266e-01
-4.324195906519889832e-02
6.715669035911560059e-01
2.866889238357543945e-01
5.901659727096557617e-01
3.592997491359710693e-01
3.011039793491363525e-01
9.182354062795639038e-02
1.833244264125823975e-01
-6.554304361343383789e-01
-4.533309936523437500e-01
-1.386148095130920410e+00
3.257131576538085938e-01
-4.554004967212677002e-01
1.400624662637710571e-01
6.974431872367858887e-01
5.327240377664566040e-02
3.163957297801971436e-01
5.942397713661193848e-01
-4.678155779838562012e-01
-5.225467085838317871e-01
-6.549804806709289551e-01
6.677674055099487305e-01
6.613176465034484863e-01
