-3.195718824863433838e-01
-1.434886734932661057e-02
1.251322180032730103e-01
4.991552829742431641e-01
-1.659389436244964600e-01
3.495446145534515381e-01
3.138763308525085449e-01
2.382785826921463013e-01
-1.928400099277496338e-01
-3.030236363410949707e-01
-2.045671492815017700e-01
-3.004378080368041992e-01
-2.134297788143157959e-01
1.583017855882644653e-01
6.279419064521789551e-01
6.214104965329170227e-02
-1.165745183825492859e-01
2.735854685306549072e-01
4.137412905693054199e-01
-2.009536921977996826e-01
-2.290153503417968750e-01
9.476024657487869263e-02
-1.274964772164821625e-02
-1.538721621036529541e-01
2.908771038055419922e-01
2.057291418313980103e-01
-2.304137945175170898e-01
-2.665429413318634033e-01
1.678054034709930420e-01
8.558082580566406250e-02
