2.923943698406219482e-01
4.303841292858123779e-01
-1.710283309221267700e-01
-2.002681791782379150e-01
-2.086178958415985107e-01
-2.217993736267089844e-01
-2.446066290140151978e-01
2.710303962230682373e-01
-2.182470560073852539e-01
-2.614281177520751953e-01
-1.915439963340759277e-01
-3.830186277627944946e-02
3.157259225845336914e-01
-1.772333532571792603e-01
-4.397709369659423828e-01
1.106573417782783508e-01
2.146715521812438965e-01
-2.737483680248260498e-01
4.093363881111145020e-01
-3.819455206394195557e-01
1.408899128437042236e-01
-2.117035537958145142e-01
1.999094635248184204e-01
-3.317753076553344727e-01
1.998311467468738556e-02
-4.983422458171844482e-01
2.669611275196075439e-01
-1.214690506458282471e-01
2.410136461257934570e-01
-3.172724545001983643e-01
