-5.121046304702758789e-01
-3.218848705291748047e-01
1.765652596950531006e-01
8.562012761831283569e-02
-2.174549549818038940e-01
-9.391517639160156250e-01
-4.790763556957244873e-01
-3.746863901615142822e-01
-3.061814606189727783e-01
4.454796910285949707e-01
6.750547885894775391e-01
-2.998501360416412354e-01
6.111175417900085449e-01
8.591404557228088379e-01
-1.241823211312294006e-01
-7.554451227188110352e-01
3.077853322029113770e-01
2.416065931320190430e-01
6.261732429265975952e-02
-2.621587514877319336e-01
-5.453193187713623047e-01
-8.030800819396972656e-01
-4.417217373847961426e-01
7.502909898757934570e-01
7.340466976165771484e-01
-5.591653585433959961e-01
6.537833064794540405e-02
-8.026687502861022949e-01
-4.840075969696044922e-01
4.862833023071289062e-01
