6.966699957847595215e-01
-6.098918989300727844e-02
6.797395348548889160e-01
4.550143480300903320e-01
5.640364289283752441e-01
7.473425865173339844e-01
-2.925799489021301270e-01
9.441069513559341431e-02
4.814764261245727539e-01
-8.399677276611328125e-01
-1.886594444513320923e-01
-5.431925058364868164e-01
3.937887847423553467e-01
8.325201272964477539e-01
4.059421420097351074e-01
-2.746633887290954590e-01
-4.181782007217407227e-01
-1.571551710367202759e-01
3.075846433639526367e-01
-2.653028964996337891e-01
-1.956535317003726959e-02
-5.825758576393127441e-01
-4.074436426162719727e-01
7.797513008117675781e-01
3.495844006538391113e-01
-8.542799353599548340e-01
6.015093922615051270e-01
1.082440018653869629e+00
-6.677426099777221680e-01
-4.949782490730285645e-01
