4.983081817626953125e-01
-7.708730548620223999e-02
5.149311199784278870e-02
-5.124897956848144531e-01
-1.117837354540824890e-01
-6.845366954803466797e-01
-4.542929828166961670e-01
3.456698358058929443e-01
-3.774041831493377686e-01
6.582691669464111328e-01
1.319622527807950974e-02
-6.269124150276184082e-01
-4.820065796375274658e-01
4.920323491096496582e-01
2.915972471237182617e-01
-7.201669812202453613e-01
-4.053294658660888672e-01
-2.071453630924224854e-02
-4.483323693275451660e-01
6.164276003837585449e-01
-4.382800757884979248e-01
4.106190800666809082e-02
-2.049340307712554932e-01
6.624663472175598145e-01
-3.513436913490295410e-01
-5.017377734184265137e-01
-1.336775869131088257e-01
-6.702612042427062988e-01
-4.868194162845611572e-01
7.243348956108093262e-01
