-6.034357547760009766e-01
4.099844098091125488e-01
4.201101660728454590e-01
8.500968813896179199e-01
3.296169042587280273e-01
7.778379917144775391e-01
-8.817512989044189453e-01
-2.887546420097351074e-01
-8.172308206558227539e-01
1.948773413896560669e-01
6.819526553153991699e-01
-7.644432783126831055e-01
1.144670471549034119e-01
1.298528164625167847e-01
-6.830141544342041016e-01
3.920392096042633057e-01
3.232610821723937988e-01
1.149969220161437988e+00
-4.599116146564483643e-01
2.865783572196960449e-01
1.041051268577575684e+00
9.225005507469177246e-01
4.140411689877510071e-02
-6.472364068031311035e-01
2.293842285871505737e-01
6.249729394912719727e-01
5.498005151748657227e-01
6.612851619720458984e-01
6.489723920822143555e-01
-1.219883322715759277e+00
