-4.968726038932800293e-01
3.448238670825958252e-01
2.167302072048187256e-01
3.812246397137641907e-02
4.562945067882537842e-01
2.409855872392654419e-01
5.641015172004699707e-01
-6.334506869316101074e-01
-1.238117292523384094e-01
8.013257384300231934e-02
-8.339912295341491699e-01
-4.868677258491516113e-01
-4.745355844497680664e-01
9.590660333633422852e-01
7.138120532035827637e-01
3.966031670570373535e-01
7.181620001792907715e-01
-3.381337225437164307e-01
4.988400638103485107e-01
-8.144313097000122070e-01
9.439787268638610840e-02
-2.994982004165649414e-01
-7.867243885993957520e-01
2.863200306892395020e-01
6.202667355537414551e-01
-3.746155500411987305e-01
-5.486039519309997559e-01
-5.552284121513366699e-01
9.688153117895126343e-02
-4.418243467807769775e-01
