-4.963612258434295654e-01
1.037876904010772705e-01
5.138198137283325195e-01
4.554463624954223633e-01
-1.316645443439483643e-01
-4.966093897819519043e-01
-5.399497151374816895e-01
6.959962248802185059e-01
3.319090902805328369e-01
2.661527395248413086e-01
3.967130780220031738e-01
8.357514142990112305e-01
7.132507562637329102e-01
-3.595791757106781006e-01
3.583575785160064697e-01
4.983212947845458984e-01
-3.413232564926147461e-01
-2.642097175121307373e-01
-6.925644874572753906e-01
6.166242361068725586e-01
7.686781883239746094e-01
5.766212344169616699e-01
-5.001639723777770996e-01
-4.560398161411285400e-01
3.495511710643768311e-01
-3.316287696361541748e-01
-5.528504848480224609e-01
3.886069953441619873e-01
5.791280269622802734e-01
-5.087045431137084961e-01
