-2.601365149021148682e-01
-7.328016757965087891e-01
1.156796440482139587e-01
2.396482527256011963e-01
-1.819432228803634644e-01
-3.090660572052001953e-01
-5.590366125106811523e-01
-6.057550907135009766e-01
3.315472900867462158e-01
4.856518208980560303e-01
-1.443634778261184692e-01
-5.720779895782470703e-01
5.426112413406372070e-01
6.648834049701690674e-02
-3.856307566165924072e-01
-2.792263776063919067e-02
-6.061607599258422852e-01
4.108335822820663452e-02
-3.758114278316497803e-01
3.756992816925048828e-01
4.253899753093719482e-01
-5.254515260457992554e-02
1.986030787229537964e-01
-2.242943644523620605e-01
3.274462521076202393e-01
-7.183714210987091064e-02
-1.892557591199874878e-01
-2.577934861183166504e-01
-2.593609094619750977e-01
3.628094196319580078e-01
