6.069084405899047852e-01
-8.271121382713317871e-01
-5.878496766090393066e-01
-5.420762300491333008e-01
-3.438698127865791321e-02
9.157763123512268066e-01
-7.015506029129028320e-01
-6.698771119117736816e-01
-6.085277795791625977e-01
1.716783940792083740e-01
-1.162301376461982727e-01
-5.749737620353698730e-01
2.020633518695831299e-01
-2.639875933527946472e-02
5.425627827644348145e-01
4.157513007521629333e-02
7.456025481224060059e-01
1.683374643325805664e-01
9.736951589584350586e-01
-4.920318126678466797e-01
-4.037657380104064941e-02
2.186460979282855988e-02
5.719045996665954590e-01
5.088168978691101074e-01
2.003251314163208008e-01
6.273465156555175781e-01
-3.320566415786743164e-01
2.676497399806976318e-01
1.019981861114501953e+00
-8.348873853683471680e-01
