7.187632471323013306e-02
1.862734258174896240e-01
-2.558865249156951904e-01
3.325105607509613037e-01
1.830478459596633911e-01
3.547779023647308350e-01
1.487027108669281006e-01
-7.905694842338562012e-01
1.363817155361175537e-01
-6.772443652153015137e-01
-1.133187413215637207e-01
-8.237005025148391724e-02
-4.629920721054077148e-01
-3.221361637115478516e-01
-5.066090077161788940e-02
-7.692669630050659180e-01
-4.617068171501159668e-01
-3.920185863971710205e-01
3.668922781944274902e-01
-7.241208553314208984e-01
1.705844253301620483e-01
3.977268338203430176e-01
2.194679975509643555e-01
-4.218389987945556641e-01
-5.577031970024108887e-01
-6.681326031684875488e-02
-1.692263782024383545e-01
-6.382158994674682617e-01
-2.408184260129928589e-01
-1.352397203445434570e-01
