3.870544135570526123e-01
-5.925802588462829590e-01
7.483609914779663086e-01
2.035518586635589600e-01
5.151709914207458496e-02
1.559702634811401367e+00
-6.249890327453613281e-01
-3.983410596847534180e-01
1.072027444839477539e+00
6.569780111312866211e-01
-1.289414167404174805e-01
-4.490848481655120850e-01
5.312824621796607971e-02
-3.541618287563323975e-01
-2.004690021276473999e-01
-4.071522951126098633e-01
2.310996949672698975e-01
2.899269461631774902e-01
-7.505862712860107422e-01
-9.529642760753631592e-02
2.621136605739593506e-01
-7.564901113510131836e-01
-2.660176530480384827e-02
8.999348282814025879e-01
-4.149376153945922852e-01
-1.235913261771202087e-01
5.955417156219482422e-01
-4.966587945818901062e-02
1.509204506874084473e-01
2.337307184934616089e-01
