-1.295549124479293823e-01
-3.965608477592468262e-01
-3.189201951026916504e-01
-3.354908823966979980e-01
2.732068002223968506e-01
-1.235206574201583862e-01
-1.480666249990463257e-01
-1.712405234575271606e-01
2.396272420883178711e-01
3.601408377289772034e-02
-2.770596146583557129e-01
2.266808152198791504e-01
3.637749850749969482e-01
-2.357768416404724121e-01
1.232008822262287140e-02
-5.665729939937591553e-02
4.075160920619964600e-01
5.750380158424377441e-01
-2.667719125747680664e-01
3.678215667605400085e-02
-1.936921924352645874e-01
-2.264042496681213379e-01
1.764810383319854736e-01
-9.577753394842147827e-02
-2.883818149566650391e-01
-7.307622581720352173e-02
3.315462768077850342e-01
-1.670529246330261230e-01
1.724106967449188232e-01
-1.690856064669787884e-03
