-2.430975139141082764e-01
4.091983735561370850e-01
-5.073330402374267578e-01
6.649658083915710449e-01
4.211443662643432617e-01
-8.499410152435302734e-01
-4.295625686645507812e-01
7.658172398805618286e-03
-1.845940351486206055e-01
-1.837398856878280640e-01
2.453841269016265869e-01
-7.660246491432189941e-01
-1.010600805282592773e+00
-4.704205691814422607e-01
-1.150876760482788086e+00
4.219085276126861572e-01
7.280888557434082031e-01
9.223521947860717773e-01
-4.930590391159057617e-01
8.140219748020172119e-02
4.050939679145812988e-01
-2.603167295455932617e-01
6.811848282814025879e-01
-3.335616588592529297e-01
-5.898402929306030273e-01
2.213963568210601807e-01
-1.174251586198806763e-01
1.057602643966674805e+00
-1.815117895603179932e-01
-5.493658185005187988e-01
