-5.771142896264791489e-03
-1.004057645797729492e+00
-6.143686920404434204e-02
6.763806343078613281e-01
3.245345354080200195e-01
4.515815079212188721e-01
3.723612129688262939e-01
-6.347643733024597168e-01
4.411531090736389160e-01
-5.190052092075347900e-02
8.538112044334411621e-01
-1.018414795398712158e-01
-5.792542360723018646e-04
-4.705208539962768555e-01
-3.727381825447082520e-01
-4.902672469615936279e-01
5.516846179962158203e-01
-5.055497884750366211e-01
6.555237770080566406e-01
2.077245861291885376e-01
8.883986473083496094e-01
-5.501002669334411621e-01
-5.261857509613037109e-01
4.900882244110107422e-01
7.592464685440063477e-01
-1.085892766714096069e-01
1.875216811895370483e-01
-7.826182842254638672e-01
1.585924476385116577e-01
-2.142320573329925537e-01
