-1.212843656539916992e+00
-4.826265573501586914e-01
-1.850606501102447510e-02
-4.149474203586578369e-01
1.543423980474472046e-01
-3.386681675910949707e-01
9.320033341646194458e-02
6.202722787857055664e-01
3.126706779003143311e-01
3.660814762115478516e-01
5.530078411102294922e-01
8.607690334320068359e-01
4.317346811294555664e-01
2.143042534589767456e-01
5.760350227355957031e-01
-1.130427867174148560e-01
-2.959383130073547363e-01
1.641678810119628906e-01
-4.648204892873764038e-02
-4.032717645168304443e-01
-6.155578494071960449e-01
-1.603405028581619263e-01
-1.977650076150894165e-02
4.219309091567993164e-01
1.260341405868530273e-01
-9.941321611404418945e-01
-3.500919342041015625e-01
-6.619521975517272949e-01
3.317645192146301270e-01
-3.876129090785980225e-01
