-2.183548808097839355e-01
-5.758147835731506348e-01
-5.774539709091186523e-01
3.450838923454284668e-01
4.540230929851531982e-01
8.641682565212249756e-02
-6.000148653984069824e-01
8.133416175842285156e-01
1.551373489201068878e-02
2.639463841915130615e-01
-5.582908987998962402e-01
1.877842545509338379e-01
2.189317196607589722e-01
3.293383419513702393e-01
8.220571279525756836e-01
2.424355745315551758e-01
-5.068509578704833984e-01
-4.660985171794891357e-01
2.045051902532577515e-01
1.154775172472000122e-02
6.534446477890014648e-01
5.158346295356750488e-01
-2.172639816999435425e-01
-3.201813995838165283e-01
-4.803551137447357178e-01
7.479086518287658691e-01
-4.278406798839569092e-01
8.669219166040420532e-02
5.241818428039550781e-01
1.011786237359046936e-01
