2.117974609136581421e-01
2.465929836034774780e-01
3.253600597381591797e-01
-1.020786523818969727e+00
-3.197712600231170654e-01
9.228606224060058594e-01
3.593093752861022949e-01
1.428424865007400513e-01
8.499596118927001953e-01
1.944736242294311523e-01
4.752896130084991455e-01
-5.691143274307250977e-01
-5.879731774330139160e-01
-1.867392100393772125e-02
-1.062574505805969238e+00
3.344376683235168457e-01
-3.846838772296905518e-01
-4.262332618236541748e-01
-9.816589951515197754e-02
8.146095275878906250e-01
-3.533941209316253662e-01
-2.589084804058074951e-01
-4.410455226898193359e-01
3.527912199497222900e-01
-1.933226138353347778e-01
-1.290132999420166016e+00
-6.172355413436889648e-01
3.217566013336181641e-01
-2.104413956403732300e-01
7.238072752952575684e-01
