1.612474620342254639e-01
6.227271556854248047e-01
-1.088124737143516541e-01
3.868485689163208008e-01
3.501737713813781738e-01
8.331046253442764282e-02
-7.755600810050964355e-01
4.371897578239440918e-01
-1.913407295942306519e-01
-2.269859462976455688e-01
-5.789682269096374512e-01
4.023251831531524658e-01
4.886539578437805176e-01
-1.797048002481460571e-02
-3.280828595161437988e-01
2.595661878585815430e-01
3.796028494834899902e-01
3.952284753322601318e-01
-6.364592909812927246e-02
2.763499021530151367e-01
6.823648214340209961e-01
4.840240776538848877e-01
3.644581735134124756e-01
5.747919082641601562e-01
-2.150168865919113159e-01
7.056100964546203613e-01
1.332860112190246582e+00
-3.983760774135589600e-01
-4.265412986278533936e-01
-4.390436112880706787e-01
