9.331417270004749298e-03
-5.437564253807067871e-01
-5.377438068389892578e-01
1.637971997261047363e-01
-3.659261465072631836e-01
-1.385235786437988281e-01
2.435316890478134155e-01
1.258650869131088257e-01
4.393552243709564209e-02
-5.644838809967041016e-01
-2.255756258964538574e-01
4.492795169353485107e-01
1.213979274034500122e-01
3.243751525878906250e-01
-2.888551056385040283e-01
-3.792581558227539062e-01
2.452832460403442383e-01
-1.868699640035629272e-01
1.255947500467300415e-01
-5.417688488960266113e-01
-4.333779811859130859e-01
-2.800452411174774170e-01
8.979828655719757080e-02
7.938757538795471191e-03
-3.067336603999137878e-02
-6.719329953193664551e-01
-3.550970852375030518e-01
3.535037636756896973e-01
3.128297328948974609e-01
3.051734715700149536e-02
