-7.780180573463439941e-01
-8.785331845283508301e-01
-7.340672612190246582e-02
-5.408675074577331543e-01
4.689393341541290283e-01
3.553315103054046631e-01
1.870494037866592407e-01
2.799287140369415283e-01
-3.378341197967529297e-01
2.765507400035858154e-01
-7.727307677268981934e-01
-2.493597269058227539e-01
6.384661793708801270e-01
-6.211069822311401367e-01
5.833913683891296387e-01
6.463183555752038956e-03
2.799378335475921631e-01
8.217546939849853516e-01
2.238314002752304077e-01
-4.298685789108276367e-01
-5.707572698593139648e-01
1.188936233520507812e-01
-1.283915787935256958e-01
-4.229938089847564697e-01
4.106036424636840820e-01
-8.912025950849056244e-03
4.189638197422027588e-01
-3.364095389842987061e-01
-4.837841093540191650e-01
7.445697188377380371e-01
