-3.744761347770690918e-01
-1.476236581802368164e-01
-7.547618448734283447e-02
5.339378714561462402e-01
6.396105885505676270e-01
-6.126288771629333496e-01
2.790154516696929932e-01
2.741931974887847900e-01
4.100960493087768555e-01
5.232304334640502930e-01
-2.923707365989685059e-01
1.090758889913558960e-01
-7.216354608535766602e-01
-9.561780691146850586e-01
-7.345279455184936523e-01
-2.740730047225952148e-01
-4.304034709930419922e-01
-4.498304724693298340e-01
7.974456995725631714e-02
-1.988346874713897705e-01
2.279618680477142334e-01
-4.009842276573181152e-01
-5.736068487167358398e-01
-1.820285618305206299e-01
-2.602474205195903778e-02
6.082365512847900391e-01
3.010754883289337158e-01
-2.958399951457977295e-01
-2.752541564404964447e-02
1.158565878868103027e-01
