-7.508336901664733887e-01
4.435612857341766357e-01
2.973573505878448486e-01
2.894315421581268311e-01
4.220412969589233398e-01
8.602229952812194824e-01
-4.144840240478515625e-01
6.972811222076416016e-01
4.044413864612579346e-01
-7.521825432777404785e-01
-4.210927337408065796e-02
-4.124700129032135010e-01
-2.455904036760330200e-01
-4.558343067765235901e-02
-4.685510993003845215e-01
3.091987669467926025e-01
4.897251427173614502e-01
4.387522935867309570e-01
-3.162468597292900085e-02
-4.375391304492950439e-01
2.635775506496429443e-01
-2.619289457798004150e-01
-8.370566368103027344e-02
-5.809133648872375488e-01
4.906001389026641846e-01
3.133413791656494141e-01
4.636186361312866211e-01
-2.605433464050292969e-01
1.271957159042358398e-01
4.996277764439582825e-02
