-3.652930557727813721e-01
-3.414595425128936768e-01
3.684368357062339783e-02
1.757010817527770996e-01
-4.698685705661773682e-01
-3.974491357803344727e-01
6.479789018630981445e-01
3.969425559043884277e-01
-4.620137810707092285e-01
-2.045887112617492676e-01
6.192164495587348938e-02
6.749614477157592773e-01
-1.649966090917587280e-01
2.963714301586151123e-02
-9.425830096006393433e-03
-3.439518213272094727e-01
-6.160892248153686523e-01
-3.867920339107513428e-01
-4.094341695308685303e-01
-4.969793558120727539e-01
-6.097394227981567383e-01
8.057992905378341675e-02
2.348548918962478638e-01
3.081552684307098389e-01
3.636447787284851074e-01
6.018932461738586426e-01
-6.127462387084960938e-01
3.954924643039703369e-01
3.941789865493774414e-01
4.768804311752319336e-01
