7.825710624456405640e-02
-3.574886620044708252e-01
5.354616045951843262e-01
-6.285802125930786133e-01
-5.915313959121704102e-01
-7.615367770195007324e-01
2.541390955448150635e-01
6.242709159851074219e-01
2.180874198675155640e-01
-8.098191022872924805e-01
5.298954844474792480e-01
-8.033811450004577637e-01
-7.638872265815734863e-01
-8.256884813308715820e-01
-7.112033367156982422e-01
2.436058819293975830e-01
6.178771853446960449e-01
-1.809220463037490845e-01
-5.298292040824890137e-01
2.701706886291503906e-01
-9.573206305503845215e-01
-6.173962950706481934e-01
2.869643867015838623e-01
-9.303123950958251953e-01
-8.965421468019485474e-02
5.398715138435363770e-01
-2.827695608139038086e-01
-7.945049405097961426e-01
-2.186508923768997192e-01
4.643397629261016846e-01
