1.739888191223144531e-01
2.559670992195606232e-02
-6.527290940284729004e-01
2.253781855106353760e-01
-6.403294950723648071e-02
1.799414604902267456e-01
7.040629386901855469e-01
-1.187514513731002808e-01
2.071427106857299805e-01
2.786894142627716064e-01
5.091654062271118164e-01
4.658601433038711548e-02
4.172123074531555176e-01
-3.833500146865844727e-01
1.429435145109891891e-02
-3.244228065013885498e-01
2.414206266403198242e-01
2.562461793422698975e-01
-2.390992790460586548e-01
-1.983363032341003418e-01
1.883037239313125610e-01
5.241001248359680176e-01
3.517450094223022461e-01
2.995941340923309326e-01
-8.187658339738845825e-02
4.214429855346679688e-02
-2.925395071506500244e-01
3.704778105020523071e-02
1.158457398414611816e-01
3.541392832994461060e-02
