-7.373983860015869141e-01
-5.929819345474243164e-01
-4.882706701755523682e-01
-1.714547872543334961e-01
-3.860201239585876465e-01
-2.362649291753768921e-01
-3.108327090740203857e-01
8.426569104194641113e-01
-1.616369783878326416e-01
-2.152177691459655762e-01
-5.505446791648864746e-01
-8.725642412900924683e-02
9.549477100372314453e-01
-7.020246386528015137e-01
5.288911461830139160e-01
-4.770507812500000000e-01
-7.723560184240341187e-02
3.976261913776397705e-01
-1.051725506782531738e+00
8.774895220994949341e-03
9.196102619171142578e-01
5.988692641258239746e-01
5.323522090911865234e-01
-4.506841301918029785e-02
9.091194868087768555e-01
-5.347263813018798828e-01
-3.842516243457794189e-01
1.484479010105133057e-01
3.853942453861236572e-01
-3.484901189804077148e-01
