2.178591340780258179e-01
-2.192710340023040771e-01
1.617736965417861938e-01
5.371481776237487793e-01
-1.543851047754287720e-01
5.178170800209045410e-01
-3.250408172607421875e-01
-3.771957159042358398e-01
-3.351162970066070557e-01
-9.671395644545555115e-03
5.288417339324951172e-01
-4.366573989391326904e-01
3.555647134780883789e-01
5.740613341331481934e-01
-7.100837230682373047e-01
5.363301038742065430e-01
5.352485775947570801e-01
-6.658079624176025391e-01
9.007024168968200684e-01
-6.539241075515747070e-01
2.862788736820220947e-01
7.184529304504394531e-01
3.187249600887298584e-01
-5.848989486694335938e-01
-4.446884095668792725e-01
-4.039730131626129150e-01
-4.947238266468048096e-01
-5.608499646186828613e-01
3.891070187091827393e-01
4.557826370000839233e-02
