1.463590264320373535e-01
-5.769050121307373047e-01
-8.254835754632949829e-02
-7.504904270172119141e-01
-5.172033309936523438e-01
-4.317993223667144775e-01
5.744962096214294434e-01
6.845016479492187500e-01
-6.033379435539245605e-01
-4.321086108684539795e-01
2.156466245651245117e-01
6.649039387702941895e-01
2.665888667106628418e-01
6.276522278785705566e-01
-3.335903882980346680e-01
-4.905809164047241211e-01
-5.411949157714843750e-01
5.338108539581298828e-01
7.555043101310729980e-01
-5.773036479949951172e-01
2.376034557819366455e-01
-2.752889096736907959e-01
-8.069427609443664551e-01
-7.064604759216308594e-01
-1.943525671958923340e-01
-9.795758724212646484e-01
-5.204309225082397461e-01
1.041178226470947266e+00
-4.947927594184875488e-01
4.867325127124786377e-01
