4.466375410556793213e-01
-7.370558977127075195e-01
4.060083329677581787e-01
-2.159510850906372070e-01
-1.088697791099548340e+00
-3.132835626602172852e-01
8.481523990631103516e-01
3.472189605236053467e-01
8.499077558517456055e-01
-4.727001488208770752e-01
-1.620561778545379639e-01
7.752220034599304199e-01
4.359305202960968018e-01
-1.263276576995849609e+00
-7.719666361808776855e-01
1.073848485946655273e+00
3.624514043331146240e-01
-1.293663084506988525e-01
-4.332048892974853516e-01
-6.974691748619079590e-01
-5.468253493309020996e-01
2.445705235004425049e-01
-4.417679607868194580e-01
6.858285665512084961e-01
3.170792758464813232e-01
-4.303964227437973022e-02
-8.833507299423217773e-01
9.537034630775451660e-01
-1.555642932653427124e-01
1.162187099456787109e+00
