-6.875538825988769531e-01
-3.527113795280456543e-01
-3.179250657558441162e-01
3.649421930313110352e-01
8.484888821840286255e-02
-4.838060140609741211e-01
4.534159600734710693e-01
7.113472819328308105e-01
-7.407888770103454590e-01
1.869833655655384064e-02
7.242027521133422852e-01
-3.715756535530090332e-01
6.697444319725036621e-01
7.056216597557067871e-01
-2.641019821166992188e-01
-9.911476373672485352e-01
-5.060353875160217285e-01
7.052064538002014160e-01
2.484166175127029419e-01
6.291219592094421387e-01
2.494402825832366943e-01
-6.689559221267700195e-01
9.156188368797302246e-01
7.667664885520935059e-01
-6.449527740478515625e-01
1.548561453819274902e-01
5.309749841690063477e-01
4.882590770721435547e-01
-6.915560364723205566e-01
1.642128266394138336e-02
