2.973600029945373535e-01
-2.834978140890598297e-02
5.747786164283752441e-01
8.502308726310729980e-01
-3.703742623329162598e-01
3.878413438796997070e-01
-3.343465328216552734e-01
-3.156189322471618652e-01
8.680262565612792969e-01
1.717463284730911255e-01
4.066465497016906738e-01
1.511364579200744629e-01
3.787238001823425293e-01
3.200055062770843506e-01
-2.704738676548004150e-01
-3.902972340583801270e-01
9.316929578781127930e-01
9.098106622695922852e-01
3.399707376956939697e-01
-6.307657063007354736e-02
5.282500982284545898e-01
-4.324461519718170166e-02
4.823803305625915527e-01
-3.678039088845252991e-02
5.402432009577751160e-02
5.380819439888000488e-01
5.069251060485839844e-01
-2.389234900474548340e-01
5.806822776794433594e-01
8.738453686237335205e-02
