9.912970662117004395e-02
5.405433177947998047e-01
-9.224629402160644531e-02
-1.639713495969772339e-01
2.178226262331008911e-01
-8.382216095924377441e-01
2.974432706832885742e-01
8.285793066024780273e-01
5.815238356590270996e-01
-6.871821731328964233e-02
4.992232918739318848e-01
-4.140087366104125977e-01
8.301538825035095215e-01
3.685089349746704102e-01
1.543783247470855713e-01
-7.840325832366943359e-01
2.865684032440185547e-01
5.269675254821777344e-01
-8.839266300201416016e-01
-3.258778452873229980e-01
-5.941128730773925781e-01
-1.330738067626953125e-01
4.585487842559814453e-01
-3.859578967094421387e-01
2.136082500219345093e-01
-1.005892276763916016e+00
-2.597266733646392822e-01
7.641211152076721191e-02
-3.937137126922607422e-01
-7.116744518280029297e-01
