-3.413425013422966003e-02
-3.080522119998931885e-01
3.968375921249389648e-01
3.093823492527008057e-01
1.777264475822448730e-01
2.005109935998916626e-01
3.218827843666076660e-01
-5.819521546363830566e-01
-1.409814804792404175e-01
-2.776457071304321289e-01
8.306415379047393799e-02
3.905197083950042725e-01
2.217258214950561523e-01
1.406939923763275146e-01
1.691147983074188232e-01
-2.179435193538665771e-01
3.668873906135559082e-01
3.355358839035034180e-01
-5.756989717483520508e-01
1.746913194656372070e-01
5.629765987396240234e-01
4.873206019401550293e-01
-5.508787035942077637e-01
1.229596976190805435e-02
2.698267102241516113e-01
1.484755873680114746e-01
-5.201129913330078125e-01
-2.347304373979568481e-01
-2.210180461406707764e-01
2.083522081375122070e-01
