1.251479983329772949e-01
2.957869470119476318e-01
-5.336026549339294434e-01
-1.066224649548530579e-01
5.620386600494384766e-01
3.501902818679809570e-01
5.291039347648620605e-01
-3.765459060668945312e-01
-5.325815677642822266e-01
4.635815024375915527e-01
-7.811512947082519531e-01
1.584843695163726807e-01
5.509120821952819824e-01
2.219833731651306152e-01
2.858968079090118408e-01
9.535754323005676270e-01
-4.865930974483489990e-01
5.574646592140197754e-02
-7.206877321004867554e-02
7.227365970611572266e-01
-1.620350480079650879e-01
-1.461729407310485840e-01
1.504936516284942627e-01
-3.921498060226440430e-01
-2.485030740499496460e-01
2.983348071575164795e-02
-9.285629987716674805e-01
-4.753634631633758545e-01
-6.355459988117218018e-02
-3.069851994514465332e-01
