2.242626994848251343e-01
-5.091121792793273926e-01
-2.450150847434997559e-01
6.964650154113769531e-01
2.333597391843795776e-01
-4.982461407780647278e-02
-1.711890399456024170e-01
2.270724922418594360e-01
-2.200885266065597534e-01
-7.172614336013793945e-02
-2.127289921045303345e-01
-2.221323251724243164e-01
1.470269858837127686e-01
1.889147013425827026e-01
3.479779958724975586e-01
2.036684453487396240e-01
3.059801161289215088e-01
1.907437294721603394e-01
-2.483677119016647339e-01
1.268553733825683594e-01
-9.558469057083129883e-02
-2.188589125871658325e-01
-1.288589090108871460e-01
5.037616491317749023e-01
2.042533457279205322e-01
3.764738142490386963e-01
4.399785697460174561e-01
3.656016886234283447e-01
2.711641192436218262e-01
2.625287771224975586e-01
