-5.023802518844604492e-01
6.520246863365173340e-01
-2.614313662052154541e-01
7.683834061026573181e-03
-1.884564012289047241e-01
-5.913891792297363281e-01
-4.685020148754119873e-01
2.382814735174179077e-01
5.048286318778991699e-01
5.769670605659484863e-01
-9.548255056142807007e-02
1.028831362724304199e+00
2.279257923364639282e-01
-8.076379075646400452e-03
9.537384510040283203e-01
-2.022829949855804443e-01
-1.057617962360382080e-01
-3.466193377971649170e-01
-4.623897671699523926e-01
2.976713478565216064e-01
-1.364295482635498047e-01
3.392478823661804199e-01
-1.298478543758392334e-01
8.602684736251831055e-01
-3.462778329849243164e-01
1.672817468643188477e-01
1.049902081489562988e+00
-2.190969139337539673e-01
-5.742329955101013184e-01
2.505243718624114990e-01
