6.731563806533813477e-01
-3.224045932292938232e-01
-3.824150860309600830e-01
1.394135504961013794e-01
1.107757166028022766e-01
3.853128552436828613e-01
6.565707325935363770e-01
-2.553867995738983154e-01
-5.157799720764160156e-01
3.569398820400238037e-01
7.640935778617858887e-01
-7.026956677436828613e-01
-9.673326015472412109e-01
-6.103501319885253906e-01
3.905141949653625488e-01
-6.986732780933380127e-02
4.828804135322570801e-01
1.200014710426330566e+00
6.533865928649902344e-01
-5.003049969673156738e-01
-6.251193583011627197e-02
-1.505349874496459961e-01
5.022066235542297363e-01
4.422310292720794678e-01
-7.246189713478088379e-01
8.342716693878173828e-01
-3.596942126750946045e-01
5.844979882240295410e-01
-2.266869693994522095e-01
-4.823578298091888428e-01
