-3.117374181747436523e-01
1.615403145551681519e-01
2.249513268470764160e-01
1.735217422246932983e-01
3.773527219891548157e-02
-9.465766698122024536e-02
-1.918695569038391113e-01
-3.267258107662200928e-01
-2.283637076616287231e-01
3.242678344249725342e-01
-9.994690865278244019e-02
-3.179343342781066895e-01
5.501081049442291260e-02
3.672501072287559509e-02
1.067661568522453308e-01
4.286510348320007324e-01
-2.194750159978866577e-01
2.142599672079086304e-01
-5.124448537826538086e-01
2.458364516496658325e-01
2.467944175004959106e-01
1.301952600479125977e-01
-3.708060085773468018e-01
7.078596204519271851e-02
3.049120604991912842e-01
-2.206155806779861450e-01
-1.814593076705932617e-01
-4.729317128658294678e-02
-3.594143781810998917e-03
-4.176706373691558838e-01
