6.397626996040344238e-01
5.197371244430541992e-01
-8.868728876113891602e-01
7.128542065620422363e-01
-3.049691319465637207e-01
4.675967395305633545e-01
5.084549188613891602e-01
7.694366574287414551e-02
3.318398296833038330e-01
-4.351403564214706421e-02
5.650179386138916016e-01
-2.357762455940246582e-01
-2.022694200277328491e-01
4.384810924530029297e-01
3.696906268596649170e-01
-1.076801270246505737e-01
4.534096121788024902e-01
-2.973261475563049316e-01
-2.634555399417877197e-01
5.652629137039184570e-01
4.276705086231231689e-01
3.719088435173034668e-01
6.178039312362670898e-01
5.063106492161750793e-02
-2.509188950061798096e-01
-2.803304791450500488e-01
3.861631080508232117e-02
2.946045696735382080e-01
-2.104567736387252808e-01
-4.557291865348815918e-01
