-5.418171286582946777e-01
4.266080856323242188e-01
4.224913418292999268e-01
-4.638269841670989990e-01
1.047368347644805908e-01
5.500773787498474121e-01
-2.173081338405609131e-01
-2.063577771186828613e-01
-3.887856602668762207e-01
2.736600339412689209e-01
-5.461683273315429688e-01
-2.949362434446811676e-02
4.683398902416229248e-01
8.317622542381286621e-02
-1.614930853247642517e-02
6.619184464216232300e-02
3.482452034950256348e-01
6.131391227245330811e-02
-4.968928098678588867e-01
-6.557987332344055176e-01
-1.155554801225662231e-01
2.256134450435638428e-01
-4.709846079349517822e-01
-3.088638484477996826e-01
-4.493620693683624268e-01
2.764111459255218506e-01
1.099701225757598877e-01
6.102070808410644531e-01
-3.945699930191040039e-01
-2.453124821186065674e-01
