-1.921222507953643799e-01
3.411142621189355850e-03
-1.203443109989166260e-01
-9.287474155426025391e-01
-1.129415333271026611e-01
-3.159485012292861938e-02
-4.948497712612152100e-01
-8.149233460426330566e-02
2.456206679344177246e-01
-3.538337051868438721e-01
-2.174591869115829468e-01
9.781007170677185059e-01
-5.202739238739013672e-01
2.508699893951416016e-01
1.787324547767639160e-01
-2.415774911642074585e-01
-3.702055215835571289e-01
6.942395567893981934e-01
-9.120109081268310547e-01
1.494826674461364746e-01
5.412139296531677246e-01
-1.305784881114959717e-01
4.601749777793884277e-01
3.371103703975677490e-01
-1.645000129938125610e-01
3.185880184173583984e-01
1.951715052127838135e-01
-6.916767358779907227e-02
-6.487780809402465820e-02
5.249179601669311523e-01
