4.606142938137054443e-01
3.641191124916076660e-01
-1.384296268224716187e-01
-6.859008669853210449e-01
-5.869473814964294434e-01
1.031105592846870422e-01
6.018000245094299316e-01
-3.432632088661193848e-01
1.999018155038356781e-02
-5.870949029922485352e-01
2.958298660814762115e-02
4.801198542118072510e-01
6.179350614547729492e-01
-9.294870495796203613e-01
-5.826847553253173828e-01
-1.754056513309478760e-01
2.129663527011871338e-01
-4.864375591278076172e-01
2.990756034851074219e-01
3.501980304718017578e-01
-6.947310566902160645e-01
2.658255100250244141e-01
-1.176251411437988281e+00
-5.484291911125183105e-01
-9.324359148740768433e-02
9.094485640525817871e-01
4.551374912261962891e-01
-1.300047338008880615e-01
-5.258728861808776855e-01
6.221193075180053711e-01
