-8.147697448730468750e-01
4.120106250047683716e-02
5.434065461158752441e-01
-9.807010889053344727e-01
-7.740584015846252441e-01
4.959941208362579346e-01
-4.181295037269592285e-01
5.771940350532531738e-01
-4.524357318878173828e-01
-1.057586193084716797e+00
3.541171550750732422e-01
-3.700935244560241699e-01
5.712333917617797852e-01
-3.606258630752563477e-01
3.445808887481689453e-01
6.820526719093322754e-01
-9.816600680351257324e-01
-5.623597502708435059e-01
1.951364725828170776e-01
6.718215942382812500e-01
-9.096238762140274048e-03
4.760736227035522461e-01
-6.670539975166320801e-01
1.874304413795471191e-01
8.662970364093780518e-02
3.171010315418243408e-01
-1.992875337600708008e-02
-7.075464725494384766e-01
4.290274083614349365e-01
-5.045224428176879883e-01
