-2.080360054969787598e-01
-1.692440360784530640e-01
1.202187538146972656e-01
2.126985043287277222e-01
1.588940173387527466e-01
3.378466516733169556e-02
4.523047432303428650e-02
-5.795953795313835144e-02
7.469247281551361084e-02
2.434843778610229492e-01
2.171869762241840363e-02
3.469235301017761230e-01
1.127895414829254150e-01
-2.596998810768127441e-01
1.175419613718986511e-02
5.160339474678039551e-01
2.043479084968566895e-01
5.981104969978332520e-01
2.620725929737091064e-01
-4.509209096431732178e-02
-1.788024902343750000e-01
2.237922102212905884e-01
4.597669541835784912e-01
3.991638869047164917e-02
5.344274044036865234e-01
1.215139776468276978e-01
-1.064108163118362427e-01
-1.031515300273895264e-01
1.146404966711997986e-01
2.041198909282684326e-01
