5.733705684542655945e-02
2.552319467067718506e-01
-1.347222458571195602e-02
-7.546479701995849609e-01
-1.572546660900115967e-01
-7.994179725646972656e-01
1.655608415603637695e-01
-2.967012226581573486e-01
3.019964993000030518e-01
7.217553853988647461e-01
4.387981444597244263e-02
1.560900919139385223e-02
-2.962196171283721924e-01
-7.276519536972045898e-01
7.729020118713378906e-01
-6.709631085395812988e-01
-6.324695348739624023e-01
5.401466488838195801e-01
2.818720936775207520e-01
-7.148972153663635254e-01
-2.315764576196670532e-01
8.179807662963867188e-02
-3.440396785736083984e-01
-1.838780939579010010e-02
-2.743129730224609375e-01
-9.451996684074401855e-01
5.710008144378662109e-01
4.063891172409057617e-01
-7.045018076896667480e-01
6.988822221755981445e-01
