-5.892806053161621094e-01
-8.599158525466918945e-01
5.330320596694946289e-01
7.323115468025207520e-01
1.809066385030746460e-01
7.631094753742218018e-02
-7.419883012771606445e-01
7.645700871944427490e-02
-5.396512150764465332e-01
4.889196902513504028e-02
1.164078116416931152e+00
3.535275533795356750e-02
4.835552573204040527e-01
-5.304439067840576172e-01
9.585527181625366211e-01
1.981720179319381714e-01
6.491260528564453125e-01
-4.005008637905120850e-01
8.129962086677551270e-01
-3.303018808364868164e-01
-1.211656928062438965e+00
-4.480228424072265625e-01
-6.864013522863388062e-02
1.012026548385620117e+00
-3.991578817367553711e-01
-6.755466461181640625e-01
-7.636494636535644531e-01
-6.615499854087829590e-01
4.162361100316047668e-02
7.526122331619262695e-01
