1.231725960969924927e-01
-2.103776931762695312e-01
4.472221732139587402e-01
6.728889942169189453e-01
4.176623374223709106e-02
-2.744766771793365479e-01
-1.725644916296005249e-01
-9.350433945655822754e-01
-3.793413639068603516e-01
-4.210346192121505737e-02
7.682615518569946289e-01
-2.805976271629333496e-01
6.886301189661026001e-02
-2.905191779136657715e-01
-1.531343609094619751e-01
-8.556376695632934570e-01
-5.636960864067077637e-01
1.930998824536800385e-02
1.410393863916397095e-01
2.357289940118789673e-01
5.557094812393188477e-01
6.026484370231628418e-01
2.815932333469390869e-01
-3.425689041614532471e-01
-5.818766951560974121e-01
-3.886764049530029297e-01
5.346164107322692871e-01
2.773924469947814941e-01
4.614562690258026123e-01
2.680805921554565430e-01
