-7.070034742355346680e-01
9.526470303535461426e-02
-3.555751740932464600e-01
4.686652421951293945e-01
2.209227383136749268e-01
-6.362621784210205078e-01
-7.090446949005126953e-01
2.332213521003723145e-01
8.971821665763854980e-01
6.046382784843444824e-01
-3.329147696495056152e-01
2.373431026935577393e-01
2.591535449028015137e-01
-1.135484594851732254e-02
-3.108124434947967529e-01
1.234511584043502808e-01
-4.207587838172912598e-01
7.857128381729125977e-01
-6.284896731376647949e-01
-4.487611055374145508e-01
6.341129541397094727e-01
8.259538412094116211e-01
6.594687700271606445e-01
4.154437184333801270e-01
-3.508273959159851074e-01
4.120234549045562744e-01
5.490607619285583496e-01
5.314929485321044922e-01
-3.525412827730178833e-02
1.671210676431655884e-01
