3.300949931144714355e-01
2.325186133384704590e-01
5.297805666923522949e-01
-3.868407011032104492e-01
-3.467249572277069092e-01
3.113851845264434814e-01
-8.865757286548614502e-02
1.747715622186660767e-01
-4.803744256496429443e-01
1.158694550395011902e-01
2.589263319969177246e-01
4.875212013721466064e-01
-3.242670297622680664e-01
7.061456143856048584e-02
3.131890892982482910e-01
-1.421416178345680237e-02
1.480465382337570190e-01
6.034340858459472656e-01
3.867475986480712891e-01
4.297741651535034180e-01
-6.407562494277954102e-01
-3.187649548053741455e-01
-2.706348896026611328e-01
-6.107341647148132324e-01
6.181957721710205078e-01
-3.396578133106231689e-01
-4.113209247589111328e-02
2.568354457616806030e-02
4.760664403438568115e-01
-6.045922636985778809e-01
