-5.405015349388122559e-01
-6.510573029518127441e-01
2.740822136402130127e-01
6.352688074111938477e-01
-7.638943195343017578e-01
-1.496862769126892090e-01
-2.411720454692840576e-01
-3.578348457813262939e-01
-5.487798452377319336e-01
-1.053456962108612061e-01
5.773168206214904785e-01
3.235576152801513672e-01
1.700120419263839722e-01
-6.660570949316024780e-02
-4.279690235853195190e-02
3.257292807102203369e-01
6.398997902870178223e-01
1.483938470482826233e-02
-4.320955276489257812e-01
-9.358329772949218750e-01
3.688125908374786377e-01
2.887657880783081055e-01
-2.400243431329727173e-01
3.057340681552886963e-01
6.732166409492492676e-01
3.383498787879943848e-01
-3.337865471839904785e-01
5.419710278511047363e-01
1.845864653587341309e-01
-6.801032274961471558e-02
