1.799068301916122437e-01
-8.890190124511718750e-01
2.425365298986434937e-01
-3.742097616195678711e-01
-1.622904390096664429e-01
3.260312378406524658e-01
-4.465676546096801758e-01
4.630344510078430176e-01
6.164374351501464844e-01
-2.759522497653961182e-01
2.245840877294540405e-01
-4.925650358200073242e-01
8.185451477766036987e-02
-2.337232828140258789e-01
-2.440465986728668213e-01
-5.454816222190856934e-01
1.871422529220581055e-01
6.665185838937759399e-02
-8.828824013471603394e-02
7.057885825634002686e-02
-3.930110037326812744e-01
2.149755507707595825e-01
-5.227217674255371094e-01
-4.205502569675445557e-01
-3.780847191810607910e-01
2.661152482032775879e-01
-2.420399785041809082e-01
1.818568259477615356e-01
9.791606664657592773e-02
9.807534515857696533e-02
