-5.442874431610107422e-01
-1.567063853144645691e-02
-2.188474088907241821e-01
7.543880492448806763e-02
4.978426992893218994e-01
-3.436505049467086792e-02
7.517035007476806641e-01
-4.018149971961975098e-01
2.348761409521102905e-01
1.004908531904220581e-01
-5.289591550827026367e-01
-5.191680788993835449e-02
7.687550187110900879e-01
-2.091480642557144165e-01
-1.759634912014007568e-01
-4.442489743232727051e-01
1.108983997255563736e-02
6.109561324119567871e-01
-5.094518065452575684e-01
-3.135680034756660461e-02
-4.515753090381622314e-01
6.746309399604797363e-01
-4.908336699008941650e-01
4.772071838378906250e-01
-4.529105126857757568e-01
-3.869945406913757324e-01
-5.979087352752685547e-01
-9.263182282447814941e-01
-5.590018630027770996e-01
1.530255675315856934e-01
