7.612484097480773926e-01
3.278715610504150391e-01
-6.103393435478210449e-01
-3.297369480133056641e-01
3.706233203411102295e-01
8.457161784172058105e-01
-2.709543108940124512e-01
-1.487359851598739624e-01
4.904849529266357422e-01
5.243988633155822754e-01
6.488332897424697876e-02
4.013634920120239258e-01
5.982507392764091492e-02
3.190803229808807373e-01
-8.867570012807846069e-02
-7.534097433090209961e-01
-5.246371626853942871e-01
6.488794088363647461e-01
7.820280641317367554e-02
5.779941678047180176e-01
-4.903165400028228760e-01
4.177631735801696777e-01
5.332836508750915527e-01
5.724182724952697754e-01
-6.714704632759094238e-02
3.589621186256408691e-02
-5.887239575386047363e-01
-5.674951672554016113e-01
-5.124774575233459473e-01
2.870923876762390137e-01
