1.846485733985900879e-01
1.516347378492355347e-01
-4.487044513225555420e-01
6.391520500183105469e-01
1.517115384340286255e-01
2.257128246128559113e-03
-2.815503776073455811e-01
-2.448943704366683960e-01
5.219314098358154297e-01
-5.018254742026329041e-02
7.367047667503356934e-01
-3.264121115207672119e-01
-7.628118991851806641e-01
-4.793543517589569092e-01
4.713345766067504883e-01
-1.618281006813049316e-01
7.103958129882812500e-01
2.054990828037261963e-01
3.175317049026489258e-01
2.262679934501647949e-01
4.088626205921173096e-01
-1.317670792341232300e-01
4.789401590824127197e-01
5.207187533378601074e-01
2.667920589447021484e-01
-4.620072245597839355e-01
7.605745792388916016e-01
-5.408478379249572754e-01
3.344478905200958252e-01
-7.052577286958694458e-02
