-7.120335102081298828e-01
-6.916640996932983398e-01
-1.173035264015197754e+00
-1.847323030233383179e-01
-8.549301028251647949e-01
-3.627536892890930176e-01
3.558420836925506592e-01
6.102365851402282715e-01
-2.958516776561737061e-01
5.467762947082519531e-01
-4.803840517997741699e-01
-4.730712771415710449e-01
6.408275365829467773e-01
2.179624512791633606e-02
2.612642347812652588e-01
6.304153800010681152e-01
-6.212351918220520020e-01
1.349572986364364624e-01
-6.266106963157653809e-01
-6.462690234184265137e-01
-4.774326682090759277e-01
-4.378449320793151855e-01
-1.497513800859451294e-01
-3.265573382377624512e-01
-9.381692409515380859e-01
-1.157393217086791992e+00
-1.095451593399047852e+00
-9.137737154960632324e-01
5.708195567131042480e-01
1.458810269832611084e-01
