1.319712400436401367e-01
1.610404849052429199e-01
7.982655167579650879e-01
4.919428229331970215e-01
-6.880694031715393066e-01
-8.986988663673400879e-01
8.339197635650634766e-01
-7.195280194282531738e-01
-9.319242238998413086e-01
8.442004919052124023e-01
-1.396829962730407715e+00
-1.519976109266281128e-01
4.925023317337036133e-01
6.045811176300048828e-01
2.308944761753082275e-01
-1.197125390172004700e-02
-3.917181789875030518e-01
-6.663066148757934570e-01
9.272570013999938965e-01
-2.569774389266967773e-01
-2.302431911230087280e-01
-2.151407999917864799e-03
-5.186557769775390625e-01
-1.834112107753753662e-01
5.498628020286560059e-01
-6.609873771667480469e-01
1.181159764528274536e-01
-6.790161728858947754e-01
1.532122194766998291e-01
5.161917805671691895e-01
