2.460736632347106934e-01
1.708295494318008423e-01
3.376885950565338135e-01
4.725056588649749756e-01
4.932367801666259766e-01
1.137112155556678772e-01
2.631839513778686523e-01
-2.049461752176284790e-01
-6.302887797355651855e-01
7.157755494117736816e-01
7.405980825424194336e-01
2.978462278842926025e-01
-8.689271807670593262e-01
2.478856891393661499e-01
4.174513518810272217e-01
-3.395465612411499023e-01
3.693346083164215088e-01
3.343783318996429443e-01
-7.120783329010009766e-01
-3.410016000270843506e-01
6.204119920730590820e-01
8.787007331848144531e-01
3.396110236644744873e-01
6.163551211357116699e-01
1.934863030910491943e-01
4.036337733268737793e-01
-2.593583762645721436e-01
-3.601832091808319092e-01
5.042626857757568359e-01
-1.905155926942825317e-01
