-4.597989618778228760e-01
2.102091908454895020e-01
3.162942528724670410e-01
-4.201851785182952881e-01
-2.757305204868316650e-01
-6.033968925476074219e-01
-1.516817063093185425e-01
9.761050343513488770e-02
-5.949158072471618652e-01
4.403422474861145020e-01
3.240634500980377197e-01
1.442509423941373825e-02
3.963026702404022217e-01
-1.715859472751617432e-01
7.486222982406616211e-01
1.205455586314201355e-01
-4.908742606639862061e-01
-1.409867703914642334e-01
-2.864218354225158691e-01
4.869068562984466553e-01
1.400520652532577515e-01
-3.383534029126167297e-02
-2.600084543228149414e-01
-4.417840838432312012e-01
-1.425355523824691772e-01
6.232644245028495789e-02
-1.296613961458206177e-01
4.233053922653198242e-01
-5.231795310974121094e-01
2.407952696084976196e-01
