-5.648775100708007812e-01
-3.302282094955444336e-01
-3.804174065589904785e-01
-1.932188272476196289e-01
1.940226405858993530e-01
-5.751927196979522705e-02
-3.702808618545532227e-01
-2.474533468484878540e-01
-1.640261262655258179e-01
-3.616344332695007324e-01
-1.379261761903762817e-01
-8.026507496833801270e-02
-2.605343163013458252e-01
4.639819264411926270e-01
2.429345846176147461e-01
5.357159972190856934e-01
-1.824304461479187012e-01
-2.114989161491394043e-01
-3.750513195991516113e-01
-3.342353701591491699e-01
-4.516947567462921143e-01
-2.152669280767440796e-01
-2.120807468891143799e-01
-1.876914352178573608e-01
-4.322169423103332520e-01
3.775412440299987793e-01
4.379109442234039307e-01
-1.607575565576553345e-01
-1.634842306375503540e-01
-4.718950986862182617e-01
