-9.813377261161804199e-02
4.181221425533294678e-01
3.275493979454040527e-01
-2.140695899724960327e-01
-3.983481228351593018e-01
-1.353769153356552124e-01
-1.417397409677505493e-01
-2.544576823711395264e-01
-8.296877890825271606e-02
4.139413833618164062e-01
1.356950998306274414e-01
5.835103988647460938e-02
-1.253374069929122925e-01
-5.129620432853698730e-01
3.360683470964431763e-02
-3.033941686153411865e-01
2.094158232212066650e-01
2.472109198570251465e-01
-5.321165546774864197e-02
-2.043442875146865845e-01
3.130455315113067627e-01
-7.819837927818298340e-01
-1.280873417854309082e-01
-4.215431213378906250e-01
2.896188497543334961e-01
4.426784217357635498e-01
-1.509345024824142456e-01
2.114543765783309937e-01
8.231751620769500732e-02
3.174968659877777100e-01
