5.494022965431213379e-01
-6.082364916801452637e-01
7.013006806373596191e-01
-2.325693666934967041e-01
-4.551255106925964355e-01
-2.594262957572937012e-01
-4.910414516925811768e-01
5.551553964614868164e-01
-2.442707866430282593e-01
3.368197679519653320e-01
-7.756090760231018066e-01
-3.720609545707702637e-01
-5.405771136283874512e-01
-4.265013933181762695e-01
-2.731621563434600830e-01
-5.822381973266601562e-01
2.397443205118179321e-01
-6.998952627182006836e-01
-2.322976663708686829e-02
3.309842348098754883e-01
-6.213450431823730469e-01
-4.644061326980590820e-01
1.034761406481266022e-02
-3.380963504314422607e-01
2.043822407722473145e-01
-3.607760369777679443e-01
-6.685049086809158325e-02
2.994486391544342041e-01
-5.035637617111206055e-01
3.386076092720031738e-01
