2.525480389595031738e-01
3.810826456174254417e-03
-1.995058953762054443e-01
-2.981460392475128174e-01
-5.339450836181640625e-01
2.258044779300689697e-01
2.368586361408233643e-01
-3.619060516357421875e-01
-2.153459936380386353e-01
9.513451904058456421e-02
3.702588006854057312e-02
5.526026710867881775e-02
-2.957453429698944092e-01
2.809316515922546387e-01
5.587767958641052246e-01
7.009851932525634766e-02
1.662710607051849365e-01
9.870535880327224731e-02
2.140151262283325195e-01
-2.057366818189620972e-01
6.108067929744720459e-02
5.111268162727355957e-02
-4.694506824016571045e-01
-7.915058732032775879e-02
-3.206516504287719727e-01
1.308494061231613159e-02
3.661080598831176758e-01
2.263265848159790039e-01
-4.913562536239624023e-01
7.327242940664291382e-02
