-7.267604023218154907e-02
8.004927635192871094e-01
7.549852132797241211e-01
6.676739454269409180e-01
4.266170561313629150e-01
9.384179115295410156e-01
-5.541007518768310547e-01
-1.119325682520866394e-02
-1.166131258010864258e+00
-7.025287747383117676e-01
-7.723696827888488770e-01
-2.422260046005249023e-01
-6.325686573982238770e-01
6.298199295997619629e-01
5.290585756301879883e-01
8.796779513359069824e-01
-8.525773882865905762e-01
-6.994094252586364746e-01
-5.654187798500061035e-01
-1.757429242134094238e-01
5.207442641258239746e-01
7.137195467948913574e-01
4.580116271972656250e-01
-1.116558089852333069e-01
1.650793701410293579e-01
-9.584114551544189453e-01
8.626241087913513184e-01
-5.879422426223754883e-01
-4.694351255893707275e-01
-6.520170569419860840e-01
