5.194072127342224121e-01
-4.626879096031188965e-01
5.796035528182983398e-01
3.513190448284149170e-01
-4.479164183139801025e-01
-5.766633898019790649e-02
-2.022944986820220947e-01
3.901749849319458008e-01
-5.334183201193809509e-02
-9.321199730038642883e-03
5.121211409568786621e-01
6.286422610282897949e-01
-2.763129025697708130e-02
-3.455850183963775635e-01
2.458558231592178345e-01
-6.302824616432189941e-01
-1.595435440540313721e-01
-1.128605753183364868e-01
-1.696728169918060303e-01
-2.728604972362518311e-01
-1.115581095218658447e-01
-3.921557664871215820e-01
-6.172937154769897461e-01
-2.120592892169952393e-01
-2.403427064418792725e-01
-4.489109516143798828e-01
2.572924196720123291e-01
1.055272892117500305e-01
-1.210300903767347336e-02
-7.768870797008275986e-03
