-9.965825825929641724e-02
-3.506732285022735596e-01
-5.585427880287170410e-01
4.761282801628112793e-01
-3.597181737422943115e-01
2.191434502601623535e-01
1.712716221809387207e-01
1.620623767375946045e-01
7.829805016517639160e-01
8.027383685111999512e-01
-3.216604888439178467e-01
1.182652730494737625e-02
4.903635680675506592e-01
1.957574784755706787e-01
-1.928614377975463867e-01
-3.541668057441711426e-01
-9.941017031669616699e-01
2.803121507167816162e-01
-8.709457516670227051e-01
4.014005959033966064e-01
-1.700488030910491943e-01
4.505587518215179443e-01
4.744612872600555420e-01
-1.456401824951171875e+00
8.749864101409912109e-01
5.593277812004089355e-01
1.071738243103027344e+00
-3.092539310455322266e-02
-7.277749776840209961e-01
-3.673291504383087158e-01
