-1.032400876283645630e-01
-3.387411236763000488e-01
3.377972841262817383e-01
9.593518972396850586e-01
-3.591731935739517212e-02
-2.159087220206856728e-03
2.663667500019073486e-01
-7.882581949234008789e-01
-3.983498811721801758e-01
3.029100298881530762e-01
-9.152899980545043945e-01
-2.012925595045089722e-01
-5.320727825164794922e-01
-1.050543040037155151e-01
-5.684790015220642090e-01
-2.497049123048782349e-01
7.250730991363525391e-01
-3.353808224201202393e-01
-6.639453172683715820e-01
6.289297342300415039e-01
2.440068274736404419e-01
-4.447444081306457520e-01
-2.624490261077880859e-01
-8.259803056716918945e-01
5.972282290458679199e-01
2.025300562381744385e-01
-2.867973595857620239e-02
-5.483878254890441895e-01
-9.579344987869262695e-01
-4.077517390251159668e-01
