5.447806790471076965e-02
-9.759472608566284180e-01
-9.787982106208801270e-01
9.280027747154235840e-01
-7.096003890037536621e-01
4.923982322216033936e-01
7.250057458877563477e-01
-5.023666620254516602e-01
-4.678437411785125732e-01
7.935503497719764709e-03
-7.709373235702514648e-01
2.918677628040313721e-01
4.728457927703857422e-01
-1.078068464994430542e-01
-6.837409138679504395e-01
-3.522740304470062256e-01
-3.783516585826873779e-01
3.085055649280548096e-01
1.509943962097167969e+00
-3.179194927215576172e-01
-1.851024776697158813e-01
-3.085981681942939758e-02
-4.948021769523620605e-01
3.193911910057067871e-01
-3.014065027236938477e-01
4.191113710403442383e-01
-2.507364153861999512e-01
8.046981096267700195e-01
4.492622613906860352e-01
1.230200603604316711e-01
