2.938028983771800995e-02
5.053645968437194824e-01
-6.313170194625854492e-01
4.736633598804473877e-02
-5.484119653701782227e-01
6.339871883392333984e-01
1.746078729629516602e-01
6.809514760971069336e-01
7.455898523330688477e-01
8.214773535728454590e-01
-5.844902396202087402e-01
-1.480897068977355957e-01
1.871760338544845581e-01
8.257962018251419067e-02
-1.985417902469635010e-01
-1.907438486814498901e-01
-2.637276351451873779e-01
-1.452407985925674438e-02
-6.496530175209045410e-01
4.473296403884887695e-01
-2.389759868383407593e-01
-5.523228645324707031e-01
-3.236382305622100830e-01
-1.889059692621231079e-01
6.616399288177490234e-01
-7.222244739532470703e-01
5.317683219909667969e-01
5.409032106399536133e-01
5.471692681312561035e-01
-5.431123971939086914e-01
