5.581419467926025391e-01
-8.836988806724548340e-01
-8.374660611152648926e-01
3.091385960578918457e-01
5.377247929573059082e-01
3.792897164821624756e-01
2.826606929302215576e-01
-8.216176629066467285e-01
1.246324926614761353e-01
-3.358888924121856689e-01
-2.140693515539169312e-01
-9.547908306121826172e-01
-9.052891731262207031e-01
-7.425062060356140137e-01
6.143243908882141113e-01
6.045150160789489746e-01
-1.113249778747558594e+00
5.583108067512512207e-01
-4.205871522426605225e-01
1.071238279342651367e+00
7.860251665115356445e-01
4.749343991279602051e-01
8.096719384193420410e-01
-4.634535610675811768e-01
-7.444119453430175781e-02
-6.165923476219177246e-01
1.000441431999206543e+00
-6.957386136054992676e-01
-2.160886377096176147e-01
4.358288049697875977e-01
