6.536304950714111328e-01
-8.192574977874755859e-01
1.609612107276916504e-01
-1.376137137413024902e-01
-1.623472571372985840e-01
-4.108757376670837402e-01
1.371521502733230591e-01
1.618166565895080566e-01
3.836326897144317627e-01
4.863132834434509277e-01
-2.675913572311401367e-01
-3.386597335338592529e-01
-2.134182751178741455e-01
-2.973642051219940186e-01
-6.481453776359558105e-02
5.368056893348693848e-01
1.852532029151916504e-01
-2.918004691600799561e-01
2.786313295364379883e-01
-1.758539378643035889e-01
1.523367017507553101e-01
-7.937666177749633789e-01
-1.746100634336471558e-01
-3.168201148509979248e-01
-7.256720662117004395e-01
3.116562068462371826e-01
7.087258696556091309e-01
-7.497327327728271484e-01
-3.726479131728410721e-03
-8.170058727264404297e-01
