-5.582337379455566406e-01
-6.497222185134887695e-01
-2.881336808204650879e-01
-5.774378776550292969e-01
3.221508860588073730e-01
-5.003563165664672852e-01
-6.030414104461669922e-01
-6.656690835952758789e-01
-2.317045331001281738e-01
5.632304549217224121e-01
6.357637643814086914e-01
-5.419849157333374023e-01
8.790242075920104980e-01
-7.275091409683227539e-01
-6.059684157371520996e-01
-5.163437128067016602e-01
-8.296778053045272827e-02
-1.217284873127937317e-01
2.103505730628967285e-01
-3.945561349391937256e-01
4.907359778881072998e-01
5.497048050165176392e-02
-7.780337333679199219e-01
-6.098001003265380859e-01
-6.369593143463134766e-01
-2.069623768329620361e-01
-5.086665153503417969e-01
3.477572500705718994e-01
8.267838358879089355e-01
-4.617950022220611572e-01
