-3.300203979015350342e-01
-4.303792119026184082e-01
-1.375707089900970459e-01
-4.322061240673065186e-01
-4.805406928062438965e-01
6.171214580535888672e-01
6.233309507369995117e-01
-6.428132057189941406e-01
-4.755595326423645020e-01
-3.869196400046348572e-02
3.603630959987640381e-01
-9.895194321870803833e-02
-1.976522207260131836e-01
-2.585774362087249756e-01
6.348609179258346558e-02
4.256690144538879395e-01
-4.006004631519317627e-01
-2.366444617509841919e-01
3.055129647254943848e-01
-8.920348435640335083e-02
9.360435605049133301e-01
-6.985757350921630859e-01
6.462790817022323608e-02
-6.855986118316650391e-01
-1.242313832044601440e-01
-7.916539907455444336e-01
1.629546135663986206e-01
4.204375147819519043e-01
6.132413744926452637e-01
5.142402648925781250e-01
