-1.341080814599990845e-01
1.476479172706604004e-01
-1.896895170211791992e-01
2.570057213306427002e-01
-1.970725804567337036e-01
-2.426380515098571777e-01
-3.425792753696441650e-01
3.343197703361511230e-01
-2.778494656085968018e-01
-6.208198666572570801e-01
4.047239422798156738e-01
3.739587366580963135e-01
1.917639672756195068e-01
-4.157770276069641113e-01
2.904348969459533691e-01
-2.837167978286743164e-01
-6.755357235670089722e-02
2.755979001522064209e-01
-2.416509985923767090e-01
-6.452081352472305298e-02
-4.361736774444580078e-01
-3.317346274852752686e-01
6.936303526163101196e-02
-4.088455811142921448e-02
-1.392743270844221115e-02
-1.960709989070892334e-01
-3.943709433078765869e-01
4.388161599636077881e-01
1.484170109033584595e-01
3.981522023677825928e-01
