-6.366359591484069824e-01
-8.063446879386901855e-01
4.258439242839813232e-01
7.112080454826354980e-01
-9.741654396057128906e-01
1.610307097434997559e-01
1.341160088777542114e-01
1.055094152688980103e-01
5.167809128761291504e-01
-6.341353654861450195e-01
-1.036282032728195190e-01
-3.118774294853210449e-01
3.900524079799652100e-01
-5.236614346504211426e-01
-6.891803741455078125e-01
1.382887005805969238e+00
1.107812166213989258e+00
-7.587316036224365234e-01
-2.347647696733474731e-01
-5.463491678237915039e-01
5.293373763561248779e-02
-2.300230562686920166e-01
-5.420894622802734375e-01
1.639283895492553711e-01
2.085054814815521240e-01
2.573440074920654297e-01
-4.477956891059875488e-01
3.438999950885772705e-01
-1.064025163650512695e+00
4.278092980384826660e-01
