4.295652806758880615e-01
-1.728008389472961426e-01
3.121668100357055664e-01
-2.251033782958984375e-01
-2.867376208305358887e-01
-2.856551408767700195e-01
-3.306382894515991211e-01
-9.167132526636123657e-02
-2.452352344989776611e-01
3.169184923171997070e-01
-4.109439551830291748e-01
-2.087127268314361572e-01
-1.067621484398841858e-01
9.269642084836959839e-02
8.675994724035263062e-02
-2.595158815383911133e-01
2.089852839708328247e-01
2.853503823280334473e-01
-2.717741727828979492e-01
3.594188690185546875e-01
-2.109499871730804443e-01
3.954962193965911865e-01
7.411810755729675293e-02
-1.258359849452972412e-01
4.195814430713653564e-01
9.003068320453166962e-03
3.714437484741210938e-01
-4.332671463489532471e-01
-6.568471342325210571e-02
2.631518840789794922e-01
