3.344731926918029785e-01
4.194150269031524658e-01
3.306021988391876221e-01
3.229669928550720215e-01
6.542413234710693359e-01
4.291069507598876953e-01
1.377746462821960449e-01
-4.300275444984436035e-01
1.934776902198791504e-01
-2.133037894964218140e-01
6.336366385221481323e-02
-5.988325923681259155e-03
-1.216950118541717529e-01
-1.407706737518310547e-01
-2.683640718460083008e-01
5.132877230644226074e-01
-4.882088899612426758e-01
-4.230479001998901367e-01
-2.161772735416889191e-02
-5.867589712142944336e-01
-1.640781201422214508e-02
2.050350159406661987e-01
3.677536919713020325e-02
3.946800529956817627e-01
-6.474513560533523560e-02
-5.649838596582412720e-02
1.839207857847213745e-02
1.020607352256774902e+00
-4.470814168453216553e-01
-1.555259078741073608e-01
