-1.337850540876388550e-01
8.381421566009521484e-01
-7.082015872001647949e-01
-2.032850235700607300e-01
6.564627289772033691e-01
6.991745829582214355e-01
-1.019227266311645508e+00
8.149501681327819824e-01
-7.235998511314392090e-01
2.470920979976654053e-01
-6.661531329154968262e-01
-2.090000957250595093e-01
9.548381567001342773e-01
2.063236236572265625e-01
-6.247133612632751465e-01
6.944759488105773926e-01
-1.142839044332504272e-01
-8.623291850090026855e-01
-5.567222237586975098e-01
-3.395274281501770020e-02
3.580590784549713135e-01
9.305182695388793945e-01
-6.576395034790039062e-02
6.174550056457519531e-01
-6.812262535095214844e-01
7.621122598648071289e-01
9.949095249176025391e-01
-5.523668527603149414e-01
-4.263164103031158447e-01
-5.968296527862548828e-01
