5.378312468528747559e-01
7.622613310813903809e-01
-1.714617609977722168e-01
-7.476373910903930664e-01
-8.000031113624572754e-01
-1.409623473882675171e-01
4.387779533863067627e-01
5.074138641357421875e-01
6.521513462066650391e-01
-7.338426709175109863e-01
3.072847127914428711e-01
-6.722521781921386719e-01
9.190482497215270996e-01
7.364104986190795898e-01
-1.208031892776489258e+00
5.424680709838867188e-01
-1.905542910099029541e-01
-1.917902380228042603e-01
-6.967509984970092773e-01
-7.113001942634582520e-01
-8.587963581085205078e-01
8.069803714752197266e-01
-7.311670482158660889e-02
5.871809720993041992e-01
1.670418530702590942e-01
4.311381876468658447e-01
-1.231103181838989258e+00
-1.227803826332092285e-01
5.305862426757812500e-01
8.359981775283813477e-01
