4.403303563594818115e-01
-3.390016555786132812e-01
6.816015839576721191e-01
-6.232713460922241211e-01
5.648419857025146484e-01
1.351526081562042236e-01
1.699561923742294312e-01
-3.699228167533874512e-01
5.275751352310180664e-01
-7.558503746986389160e-01
-3.492483198642730713e-01
1.420378088951110840e-01
5.213693380355834961e-01
-6.900934502482414246e-03
-2.192480117082595825e-01
6.400749683380126953e-01
7.271879315376281738e-01
4.262943267822265625e-01
4.069674611091613770e-01
2.668693661689758301e-01
7.177952677011489868e-02
-1.491656452417373657e-01
5.592367649078369141e-01
6.010459661483764648e-01
-3.677239716053009033e-01
5.812432765960693359e-01
6.358023285865783691e-01
2.843276560306549072e-01
3.167056143283843994e-01
1.066264152526855469e+00
