-3.284975886344909668e-01
1.217937842011451721e-01
4.269587397575378418e-01
-3.847300410270690918e-01
-2.633713483810424805e-01
-1.891683638095855713e-01
2.559094727039337158e-01
4.018403291702270508e-01
9.379206597805023193e-02
-2.693102955818176270e-01
3.882533013820648193e-01
-4.613455832004547119e-01
2.459096722304821014e-02
-1.948561817407608032e-01
-6.922045946121215820e-01
3.398081958293914795e-01
2.073633819818496704e-01
2.468024566769599915e-02
-4.769045114517211914e-01
-3.163737058639526367e-02
2.808690965175628662e-01
2.851835191249847412e-01
-7.154490798711776733e-02
-2.909420132637023926e-01
4.662354588508605957e-01
-3.348810970783233643e-01
-4.478066228330135345e-03
-1.233160495758056641e-01
-2.284250222146511078e-02
-3.674679100513458252e-01
