-1.082192957401275635e-01
-9.654804132878780365e-03
-5.154498219490051270e-01
9.011521339416503906e-01
-3.354223668575286865e-01
9.718025326728820801e-01
-4.069122970104217529e-01
-1.435304433107376099e-01
6.078934669494628906e-01
4.649764895439147949e-01
-4.402237832546234131e-01
4.898236989974975586e-01
-5.658090710639953613e-01
-4.088701605796813965e-01
2.216196805238723755e-01
5.498328804969787598e-01
-2.306220829486846924e-01
1.176679730415344238e+00
-2.237720489501953125e-01
-1.828166544437408447e-01
4.284499883651733398e-01
-1.346280932426452637e+00
5.033342838287353516e-01
-2.483045160770416260e-01
-9.252372980117797852e-01
5.846822261810302734e-01
-7.026740312576293945e-01
2.849377393722534180e-01
2.282340973615646362e-01
-3.040252625942230225e-01
