3.217476010322570801e-01
-2.676048576831817627e-01
6.443743109703063965e-01
-4.606063961982727051e-01
9.862045198678970337e-02
6.924920678138732910e-01
6.724678277969360352e-01
-2.820525467395782471e-01
-5.708466172218322754e-01
-5.539743304252624512e-01
-2.030036002397537231e-01
1.120335143059492111e-02
-6.895657628774642944e-02
6.634200811386108398e-01
-1.322866082191467285e-01
4.569808021187782288e-02
4.579441845417022705e-01
-6.463135480880737305e-01
4.829474687576293945e-01
1.423778086900711060e-01
3.992886245250701904e-01
-1.260989308357238770e-01
-3.787852823734283447e-01
8.461266756057739258e-02
-6.589660644531250000e-01
-1.722131967544555664e-01
-2.324100434780120850e-01
-3.935636579990386963e-01
-7.611028850078582764e-02
6.664625406265258789e-01
