-9.601827263832092285e-01
-8.165696859359741211e-01
5.319538712501525879e-01
7.092358469963073730e-01
-8.191255331039428711e-01
7.082784082740545273e-03
-4.128603339195251465e-01
-5.492520332336425781e-01
5.372559428215026855e-01
-7.357734441757202148e-01
5.148151516914367676e-01
5.431262850761413574e-01
1.110687926411628723e-01
4.879970848560333252e-01
4.741414785385131836e-01
3.759799525141716003e-02
2.569046244025230408e-02
-6.086727380752563477e-01
3.829122185707092285e-01
-7.718260586261749268e-02
2.478298544883728027e-01
6.861985921859741211e-01
-1.303391605615615845e-01
-4.065360724925994873e-01
-3.003462553024291992e-01
-2.021175622940063477e-02
1.114629358053207397e-01
-1.252530932426452637e+00
4.930152595043182373e-01
-8.203105926513671875e-01
