-5.009398460388183594e-01
1.537567228078842163e-01
2.717863582074642181e-02
-3.593402206897735596e-01
6.045717000961303711e-01
-9.142671227455139160e-01
3.323537707328796387e-01
-2.934695780277252197e-01
-2.084577679634094238e-01
-7.382823824882507324e-01
7.990726828575134277e-02
4.201181530952453613e-01
-5.971980094909667969e-01
-5.553812980651855469e-01
5.497469305992126465e-01
2.174231782555580139e-02
4.758514463901519775e-01
-3.271832764148712158e-01
6.004635989665985107e-02
4.845722112804651260e-03
-9.830679744482040405e-02
-1.738578975200653076e-01
2.613965272903442383e-01
-1.175499185919761658e-01
-9.447385668754577637e-01
-2.393191456794738770e-01
1.445632129907608032e-01
-5.098963975906372070e-01
-2.358422428369522095e-01
4.121702313423156738e-01
