2.180171906948089600e-01
5.454070568084716797e-01
1.759853214025497437e-01
5.672809481620788574e-01
3.259268701076507568e-01
-6.487808823585510254e-01
3.224054276943206787e-01
-3.383102715015411377e-01
3.527426421642303467e-01
2.428853362798690796e-01
9.593770653009414673e-02
-4.869716167449951172e-01
1.156247258186340332e-01
1.838912963867187500e-01
4.531629681587219238e-01
-2.241034358739852905e-01
2.473453879356384277e-01
1.943576931953430176e-01
-2.423721551895141602e-01
1.105550974607467651e-01
1.211420148611068726e-01
-2.683081030845642090e-01
-2.917474210262298584e-01
2.114459127187728882e-02
2.593490183353424072e-01
-4.659495651721954346e-01
-4.389589428901672363e-01
-3.144702017307281494e-01
5.090207457542419434e-01
4.530582726001739502e-01
