-2.839438319206237793e-01
-6.730008870363235474e-03
-5.601257085800170898e-01
-4.589093029499053955e-01
4.448760747909545898e-01
2.238170802593231201e-01
-3.265944719314575195e-01
2.947873771190643311e-01
-2.038583159446716309e-01
3.793743848800659180e-01
9.328274428844451904e-02
-4.387851655483245850e-01
5.096547603607177734e-01
-4.275331199169158936e-01
1.187511458992958069e-01
-2.463593482971191406e-01
-9.347809851169586182e-02
3.864315450191497803e-01
1.733258664608001709e-01
3.286376297473907471e-01
2.722185850143432617e-01
2.506429553031921387e-01
2.394610792398452759e-01
-5.826113224029541016e-01
-7.841727733612060547e-01
3.525463044643402100e-01
3.744416534900665283e-01
3.841792345046997070e-01
-2.069530338048934937e-01
-1.404507271945476532e-02
