-2.497574985027313232e-01
1.419412195682525635e-01
-3.536832705140113831e-02
1.012100279331207275e-01
2.447311729192733765e-01
2.836382985115051270e-01
1.271344721317291260e-01
-1.957913637161254883e-01
1.116449851542711258e-02
1.298839747905731201e-01
1.144881919026374817e-01
-2.599718868732452393e-01
-2.357379943132400513e-01
-1.867234408855438232e-01
-2.670443654060363770e-01
-2.043689936399459839e-01
2.062211483716964722e-01
-1.734578460454940796e-01
2.257685642689466476e-03
-2.697368338704109192e-02
6.746485829353332520e-02
1.689043045043945312e-01
-9.116524457931518555e-02
-4.116460308432579041e-02
2.118558883666992188e-01
3.135955631732940674e-01
-1.829062849283218384e-01
-1.183694880455732346e-02
1.059225574135780334e-01
1.232722476124763489e-01
