-5.518714785575866699e-01
5.364849567413330078e-01
-4.194450676441192627e-01
4.991799294948577881e-01
5.481851100921630859e-01
6.729484349489212036e-02
-8.376923203468322754e-02
-1.393915414810180664e-01
-6.740318536758422852e-01
-4.465384781360626221e-01
4.631852805614471436e-01
-8.877933770418167114e-02
2.847199141979217529e-01
3.949525058269500732e-01
3.423517569899559021e-02
-1.762755028903484344e-02
1.548014134168624878e-01
7.820284962654113770e-01
1.152748391032218933e-01
-1.258078813552856445e-01
2.664545774459838867e-01
-3.545032739639282227e-01
-3.566149473190307617e-01
-1.677613407373428345e-01
-1.185138337314128876e-02
6.915416717529296875e-01
-7.248455286026000977e-01
8.399682641029357910e-01
-2.534769773483276367e-01
4.814831167459487915e-02
