-2.333775758743286133e-01
-2.259178906679153442e-01
3.851859569549560547e-01
-5.296375155448913574e-01
-2.391928881406784058e-01
4.368177354335784912e-01
1.279947608709335327e-01
1.248811036348342896e-01
1.318770945072174072e-01
2.167204022407531738e-01
1.076470375061035156e+00
-6.318548321723937988e-01
3.789479732513427734e-01
3.476017713546752930e-01
3.606593012809753418e-01
-7.663563638925552368e-02
-5.098511576652526855e-01
-1.666401624679565430e-01
-2.657537460327148438e-01
3.899878263473510742e-01
-5.361899733543395996e-01
-5.730504393577575684e-01
3.690667748451232910e-01
-2.075437009334564209e-01
-1.722071468830108643e-01
-2.145722061395645142e-01
-2.608358561992645264e-01
5.000817775726318359e-01
3.003864921629428864e-02
4.400488138198852539e-01
