-5.544837117195129395e-01
-4.184574782848358154e-01
1.428439468145370483e-01
3.731395602226257324e-01
6.102381944656372070e-01
-2.315669506788253784e-01
-3.854402303695678711e-01
2.979703545570373535e-01
2.660007178783416748e-01
1.351967453956604004e-01
-2.862485051155090332e-01
4.628358408808708191e-02
-4.680699668824672699e-03
4.335108697414398193e-01
-3.569118380546569824e-01
4.861643314361572266e-01
2.394319474697113037e-01
8.883936703205108643e-02
-1.655665040016174316e-01
-2.020985994022339582e-04
-2.212895750999450684e-01
-2.058006227016448975e-01
-1.127026751637458801e-01
-2.487593889236450195e-01
-3.884918987751007080e-01
-4.502413868904113770e-01
-1.670920997858047485e-01
2.584169209003448486e-01
-4.167234003543853760e-01
1.659185290336608887e-01
