1.356179267168045044e-01
-2.061683982610702515e-01
1.557454373687505722e-02
-1.145172677934169769e-02
1.933681368827819824e-01
-1.008899807929992676e-01
-4.508740454912185669e-02
-2.070457339286804199e-01
-1.540213376283645630e-01
4.678110778331756592e-02
2.709467113018035889e-01
-8.954981714487075806e-02
1.633191131986677647e-03
8.763558417558670044e-02
1.224015355110168457e-01
1.129224970936775208e-01
1.017687097191810608e-01
2.500657141208648682e-01
-1.874477267265319824e-01
-2.553526163101196289e-01
-1.371821165084838867e-01
-4.324196651577949524e-02
5.455961078405380249e-02
1.182127296924591064e-01
8.714961260557174683e-02
-2.021744847297668457e-01
-1.288048774003982544e-01
-1.100770458579063416e-01
-1.647310853004455566e-01
4.737560451030731201e-02
