-5.213158726692199707e-01
-7.976242303848266602e-01
2.230599895119667053e-02
-3.754052221775054932e-01
4.931202232837677002e-01
-2.413233369588851929e-01
-2.776042520999908447e-01
-3.941874206066131592e-01
5.882557034492492676e-01
2.944577932357788086e-01
-8.524906635284423828e-01
-3.906328678131103516e-01
4.460628926753997803e-01
-2.388188242912292480e-01
3.851754069328308105e-01
5.997207164764404297e-01
-3.029124140739440918e-01
-4.698838889598846436e-01
3.768878281116485596e-01
1.712888181209564209e-01
-3.922045826911926270e-01
1.229760274291038513e-01
3.778007030487060547e-01
6.259878873825073242e-01
-5.421755313873291016e-01
-2.041181921958923340e-01
-2.905444502830505371e-01
-3.483953177928924561e-01
-5.850098729133605957e-01
5.192720293998718262e-01
