2.585848867893218994e-01
-8.826641738414764404e-02
-1.054280921816825867e-01
2.362382113933563232e-01
-4.526623189449310303e-01
-7.959786057472229004e-01
9.442082047462463379e-01
7.122429609298706055e-01
-6.203128695487976074e-01
6.457873582839965820e-01
6.115682721138000488e-01
4.588465392589569092e-01
8.667975068092346191e-01
-3.782164454460144043e-01
2.332380712032318115e-01
-4.669582247734069824e-01
1.877328455448150635e-01
-1.102533578872680664e+00
-3.332373499870300293e-01
-6.432811617851257324e-01
-3.422276377677917480e-01
-6.710992455482482910e-01
4.966899752616882324e-01
5.663896203041076660e-01
-2.918448448181152344e-01
-5.310424566268920898e-01
-3.074010014533996582e-01
2.223158329725265503e-01
6.531063318252563477e-01
7.359035015106201172e-01
