1.843067407608032227e-01
3.760764300823211670e-01
2.523520216345787048e-02
4.887240231037139893e-01
-3.159996867179870605e-01
-2.460513561964035034e-01
-1.453843247145414352e-02
-3.425386175513267517e-02
-6.427641510963439941e-01
-7.244779467582702637e-01
-2.885245084762573242e-01
3.906913399696350098e-01
1.470883488655090332e-01
-1.152611821889877319e-01
-2.629429101943969727e-01
1.593514978885650635e-01
4.475010335445404053e-01
-2.258364558219909668e-01
-5.493926405906677246e-01
9.587840177118778229e-03
-2.354221194982528687e-01
-1.101801730692386627e-02
4.490722902119159698e-03
-3.594276309013366699e-01
-2.167539000511169434e-01
-4.043173193931579590e-01
4.962384104728698730e-01
3.994236886501312256e-01
-5.034976005554199219e-01
-5.090959668159484863e-01
