-6.618104577064514160e-01
2.946338653564453125e-01
-4.254095852375030518e-01
-4.485599398612976074e-01
5.353892445564270020e-01
1.985386200249195099e-02
-5.666620731353759766e-01
-2.508260011672973633e-01
3.095900714397430420e-01
-6.689001619815826416e-02
3.689964711666107178e-01
2.248691767454147339e-01
-6.896594166755676270e-01
1.981245428323745728e-01
4.760156273841857910e-01
1.638696044683456421e-01
-1.101508066058158875e-01
2.354719489812850952e-01
-1.701127290725708008e-01
-8.612385392189025879e-02
2.834891974925994873e-01
-2.504177987575531006e-01
-7.792033553123474121e-01
-1.065801531076431274e-01
2.608493566513061523e-01
-7.190318428911268711e-04
6.906143855303525925e-03
1.892815828323364258e-01
2.215131968259811401e-01
3.203448057174682617e-01
