-1.694089919328689575e-01
-1.199549585580825806e-01
-6.987199932336807251e-02
-2.585271596908569336e-01
2.520317733287811279e-01
-1.120819002389907837e-01
-2.147675156593322754e-01
1.064032167196273804e-01
-2.344703674316406250e-01
-3.655102252960205078e-01
-1.876986175775527954e-01
-3.513991832733154297e-01
-2.769304513931274414e-01
2.275141477584838867e-01
-5.426092147827148438e-01
9.075761586427688599e-02
2.055568061769008636e-02
-1.525344327092170715e-02
4.729998111724853516e-01
2.508744299411773682e-01
-4.189618676900863647e-02
-3.879163861274719238e-01
-7.979611754417419434e-01
-2.636216394603252411e-02
-1.112255215644836426e+00
1.702822297811508179e-01
-3.405512869358062744e-01
-7.924875617027282715e-01
-9.741837382316589355e-01
-1.997627690434455872e-02
