7.212949991226196289e-01
-6.921433210372924805e-01
4.997403025627136230e-01
-8.993698954582214355e-01
7.306020855903625488e-01
5.142362713813781738e-01
-5.284259915351867676e-01
8.215181827545166016e-01
2.297356352210044861e-02
-5.360548943281173706e-02
-4.847028255462646484e-01
-4.674800634384155273e-01
-8.460249900817871094e-01
1.553425937891006470e-01
-3.314099907875061035e-01
3.212939500808715820e-01
-1.341794431209564209e-01
-5.882814526557922363e-01
6.733600050210952759e-02
-4.931512176990509033e-01
1.953266561031341553e-01
4.413412511348724365e-01
3.502382636070251465e-01
-1.193129643797874451e-01
5.002136230468750000e-01
1.545556783676147461e-01
7.279532551765441895e-01
4.437887668609619141e-01
-1.364270299673080444e-01
4.629510045051574707e-01
