-4.363718330860137939e-01
-1.126460194587707520e+00
-6.003314852714538574e-01
3.624917864799499512e-01
3.930843472480773926e-01
-4.963955581188201904e-01
-4.654868841171264648e-01
7.546018958091735840e-01
4.606745243072509766e-01
-7.638021111488342285e-01
-6.453898549079895020e-02
-3.436395525932312012e-01
4.565891325473785400e-01
-2.885511517524719238e-01
8.066936731338500977e-01
5.096485838294029236e-03
9.286615252494812012e-01
-1.742618381977081299e-01
-2.261231094598770142e-01
-9.941153228282928467e-02
-2.635679543018341064e-01
1.899305731058120728e-01
1.073073029518127441e+00
-4.282933771610260010e-01
-4.563725590705871582e-01
-5.817423462867736816e-01
-7.029155492782592773e-01
-7.769361883401870728e-02
4.334610402584075928e-01
-2.429998852312564850e-02
