2.985996007919311523e-01
2.364781498908996582e-01
-1.592004895210266113e-01
6.260978057980537415e-03
-1.433618552982807159e-02
3.678602278232574463e-01
-3.986054956912994385e-01
-4.363649487495422363e-01
-1.555760502815246582e-01
4.143460094928741455e-01
-2.132379449903964996e-02
-4.620620310306549072e-01
1.770602017641067505e-01
-6.510873138904571533e-02
5.415647029876708984e-01
1.163595840334892273e-01
-4.346155524253845215e-01
-4.973531961441040039e-01
-2.542168200016021729e-01
-3.072316050529479980e-01
-2.653675079345703125e-01
2.626313269138336182e-01
-4.239819347858428955e-01
-3.271176218986511230e-01
1.240517795085906982e-01
-1.457264423370361328e-01
-2.471846640110015869e-01
1.619058847427368164e-01
-7.148839533329010010e-02
2.770164310932159424e-01
