3.667313456535339355e-01
-3.820870220661163330e-01
3.060477077960968018e-01
4.327860176563262939e-01
-8.725146651268005371e-01
1.049905300140380859e+00
5.493754744529724121e-01
3.982616364955902100e-01
-5.913714170455932617e-01
6.305598188191652298e-03
-4.145830273628234863e-01
5.632557868957519531e-01
1.698639839887619019e-01
-7.136114239692687988e-01
5.972444415092468262e-01
8.621596693992614746e-01
-4.659955203533172607e-01
3.626625835895538330e-01
-9.526472687721252441e-01
4.085088074207305908e-01
4.565297663211822510e-01
-2.828934229910373688e-03
6.899414658546447754e-01
1.845048964023590088e-01
-3.459005355834960938e-01
2.440896928310394287e-01
6.150323748588562012e-01
4.223541617393493652e-01
-3.315006494522094727e-01
-5.228286981582641602e-01
