6.151738166809082031e-01
9.063960313796997070e-01
-4.865671396255493164e-01
4.310907423496246338e-01
-4.453370571136474609e-01
5.533901453018188477e-01
-2.110218405723571777e-01
-4.146542847156524658e-01
-4.455001354217529297e-01
-7.059742808341979980e-01
2.878798544406890869e-01
8.324500173330307007e-02
-2.645912468433380127e-01
-6.369531154632568359e-01
5.062512755393981934e-01
1.157853245735168457e+00
-9.843454957008361816e-01
8.439490795135498047e-01
4.573118090629577637e-01
-6.086239814758300781e-01
5.508194565773010254e-01
-1.089396715164184570e+00
2.123426795005798340e-01
2.792088985443115234e-01
-2.752090692520141602e-01
-4.629959166049957275e-01
4.426145851612091064e-01
-8.241689801216125488e-01
5.104106664657592773e-01
-3.823207020759582520e-01
