6.632917374372482300e-02
-2.264199703931808472e-01
-1.051408648490905762e+00
-6.595844030380249023e-01
-5.147362351417541504e-01
-3.228805661201477051e-01
-2.494477331638336182e-01
8.727861642837524414e-01
-5.463363528251647949e-01
-6.287075877189636230e-01
5.302042365074157715e-01
6.823143959045410156e-01
4.517958760261535645e-01
6.834079027175903320e-01
-3.156289756298065186e-01
-4.835004806518554688e-01
-2.333675920963287354e-01
-4.407784342765808105e-01
-9.685465097427368164e-01
8.047912716865539551e-01
4.464874267578125000e-01
-5.244443416595458984e-01
8.411459922790527344e-01
5.050796866416931152e-01
2.455144524574279785e-01
-4.214788079261779785e-01
2.578147053718566895e-01
-3.464660346508026123e-01
2.441767454147338867e-01
-9.973206520080566406e-01
