3.078345060348510742e-01
-6.923764944076538086e-01
1.488140821456909180e-01
-9.176025390625000000e-01
-8.040177226066589355e-01
-5.684624314308166504e-01
-8.553424477577209473e-02
5.949836373329162598e-01
5.568113923072814941e-01
-3.185095489025115967e-01
-5.802501440048217773e-01
3.758055865764617920e-01
5.141033530235290527e-01
3.109248578548431396e-01
7.784653306007385254e-01
-2.031096816062927246e-01
2.149691730737686157e-01
7.608090043067932129e-01
-2.420766055583953857e-01
-9.105897545814514160e-01
-8.992030285298824310e-03
5.710610747337341309e-01
-1.010075330734252930e+00
-5.087023377418518066e-01
5.783805251121520996e-01
3.038781695067882538e-02
-1.795086823403835297e-02
-1.133054733276367188e+00
4.490469694137573242e-01
7.539271563291549683e-02
