3.887655735015869141e-01
-6.902512907981872559e-01
-3.698264956474304199e-01
3.858933746814727783e-01
6.616874933242797852e-01
1.332256942987442017e-01
7.645156383514404297e-01
6.296546757221221924e-02
-4.250559210777282715e-01
9.014003723859786987e-02
5.343462228775024414e-01
-1.356059461832046509e-01
3.450691998004913330e-01
-4.605571031570434570e-01
1.410465687513351440e-01
-5.520766973495483398e-01
7.934817671775817871e-02
-6.432892680168151855e-01
-5.303277373313903809e-01
-8.243040740489959717e-02
-1.391693949699401855e-02
4.522719979286193848e-01
5.814332515001296997e-02
2.871683239936828613e-01
-7.026535272598266602e-01
4.314191937446594238e-01
4.810003042221069336e-01
-8.232544660568237305e-01
-5.794219374656677246e-01
5.965958833694458008e-01
