-9.068633913993835449e-01
-7.151470184326171875e-01
1.518397182226181030e-01
2.751710414886474609e-01
3.463750481605529785e-01
-4.838737845420837402e-02
-8.159239888191223145e-01
-7.059715986251831055e-01
5.277473926544189453e-01
9.084378927946090698e-02
7.472105622291564941e-01
5.377866625785827637e-01
-5.502467155456542969e-01
3.148097097873687744e-01
2.332382947206497192e-01
4.700064361095428467e-01
4.094714224338531494e-01
4.200384616851806641e-01
-6.280566751956939697e-02
8.455131649971008301e-01
-2.519138455390930176e-01
7.264161705970764160e-01
-9.194677472114562988e-01
-3.317395150661468506e-01
-1.771960109472274780e-01
-5.978412032127380371e-01
-2.261826097965240479e-01
3.090659081935882568e-01
2.941167354583740234e-01
3.465434610843658447e-01
