-5.359813570976257324e-01
-5.155144333839416504e-01
-4.074124991893768311e-01
-3.091331124305725098e-01
-6.860406398773193359e-01
4.075621366500854492e-01
-3.726990818977355957e-01
5.988571047782897949e-01
-3.249906897544860840e-01
-2.211032807826995850e-01
7.713320851325988770e-01
2.093796283006668091e-01
1.442971676588058472e-01
4.230768978595733643e-01
1.728532761335372925e-01
-3.680894523859024048e-02
6.112168431282043457e-01
-5.881614089012145996e-01
-1.928678452968597412e-01
5.790200233459472656e-01
-3.954292535781860352e-01
5.477438569068908691e-01
7.096764445304870605e-01
2.219232171773910522e-01
-5.783572196960449219e-01
-5.755324363708496094e-01
-7.292384505271911621e-01
7.632026672363281250e-01
8.798683881759643555e-01
-4.893905222415924072e-01
