9.178115129470825195e-01
-6.484769582748413086e-01
7.118851542472839355e-01
7.163150310516357422e-01
6.388375759124755859e-01
-3.465293943881988525e-01
4.930204749107360840e-01
3.215218484401702881e-01
-4.781683385372161865e-01
2.354591339826583862e-01
9.735739976167678833e-02
-6.874440908432006836e-01
1.385735869407653809e-01
5.265176892280578613e-01
-2.901436686515808105e-01
4.361160397529602051e-01
8.528578281402587891e-01
3.418900966644287109e-01
3.874194025993347168e-01
4.977465569972991943e-01
3.668435811996459961e-01
4.004074931144714355e-01
4.224797487258911133e-01
8.118373155593872070e-01
-4.166317880153656006e-01
-6.136953830718994141e-01
-6.153997182846069336e-01
-2.137977816164493561e-02
5.804901719093322754e-01
5.390269756317138672e-01
