-8.642562627792358398e-01
2.370196282863616943e-01
1.038029491901397705e-01
6.224098205566406250e-01
4.523653686046600342e-01
-2.952265739440917969e-01
-7.008078694343566895e-01
-7.169492244720458984e-01
4.706827104091644287e-01
6.572344303131103516e-01
-4.800203740596771240e-01
9.229440093040466309e-01
1.815322902984917164e-03
-5.994501709938049316e-01
3.338433802127838135e-01
8.170857429504394531e-01
-8.834913372993469238e-01
5.077940225601196289e-01
-2.383486032485961914e-01
5.338538885116577148e-01
6.441419124603271484e-01
1.064929217100143433e-01
-1.323959976434707642e-01
-2.553517818450927734e-01
3.903333246707916260e-01
-5.154309272766113281e-01
-1.426086276769638062e-01
4.051892161369323730e-01
-6.705437600612640381e-02
-2.475146800279617310e-01
