2.842960357666015625e-01
3.397429585456848145e-01
-4.391571283340454102e-01
-2.159516327083110809e-02
-5.166252851486206055e-01
-3.091223537921905518e-02
5.294749736785888672e-01
-1.866971999406814575e-01
-1.837427020072937012e-01
-1.999668926000595093e-01
-4.534479975700378418e-01
-2.279210686683654785e-01
2.843017280101776123e-01
-2.720246911048889160e-01
1.290583331137895584e-02
-3.343692719936370850e-01
2.909529209136962891e-01
9.977395087480545044e-02
1.101764291524887085e-01
4.220095574855804443e-01
4.401615858078002930e-01
2.109228521585464478e-01
1.292585767805576324e-02
3.615970313549041748e-01
-5.243070125579833984e-01
-4.035761579871177673e-03
3.105891942977905273e-01
-5.170245170593261719e-01
1.346246004104614258e-01
-5.426141619682312012e-01
