2.150894999504089355e-01
-5.079888701438903809e-01
7.141562104225158691e-01
6.202306151390075684e-01
-3.436157107353210449e-01
-3.136516511440277100e-01
6.292306780815124512e-01
-6.148130893707275391e-01
5.788506865501403809e-01
-2.135833352804183960e-01
1.263083517551422119e-01
-8.329830765724182129e-01
2.852623462677001953e-01
5.304596424102783203e-01
-6.522271782159805298e-02
-4.415521621704101562e-01
-2.370906323194503784e-01
-5.391796827316284180e-01
3.006819188594818115e-01
1.921366453170776367e-01
5.896654725074768066e-01
2.401458770036697388e-01
3.190254420042037964e-02
-3.873080015182495117e-01
-1.243972033262252808e-01
1.931782215833663940e-01
-5.531134605407714844e-01
-3.565462231636047363e-01
-6.669311523437500000e-01
-3.997610509395599365e-01
