6.494601368904113770e-01
-2.982922792434692383e-01
-4.337970018386840820e-01
7.272031307220458984e-01
-4.778722822666168213e-01
1.711858808994293213e-01
-4.519927501678466797e-01
6.868849992752075195e-01
2.323516607284545898e-01
3.408558368682861328e-01
-4.913023114204406738e-02
-3.870232701301574707e-01
1.413933038711547852e-01
6.710451245307922363e-01
-6.597736477851867676e-01
4.361301660537719727e-01
-7.479476183652877808e-02
6.967859864234924316e-01
-6.823869347572326660e-01
-3.514178395271301270e-01
3.570081591606140137e-01
2.130574584007263184e-01
-4.283176660537719727e-01
2.439657151699066162e-01
-3.447470963001251221e-01
-2.053811699151992798e-01
8.443161845207214355e-02
-1.259707193821668625e-02
7.585828900337219238e-01
3.319046497344970703e-01
