6.453139781951904297e-01
3.445088863372802734e-01
-8.035848736763000488e-01
6.082656383514404297e-01
-2.001132965087890625e-01
-1.279400102794170380e-02
-3.361681103706359863e-02
-7.904208898544311523e-01
-8.651354908943176270e-01
4.135742187500000000e-01
-4.043512046337127686e-01
8.661722540855407715e-01
-8.046424388885498047e-01
-6.237339377403259277e-01
8.930927515029907227e-02
-5.234199166297912598e-01
5.779601335525512695e-01
5.712545514106750488e-01
-3.670180439949035645e-01
-5.702169537544250488e-01
1.082461774349212646e-01
2.979931533336639404e-01
-8.323794007301330566e-01
-9.773044586181640625e-01
-8.111484050750732422e-01
-1.325811147689819336e-01
5.045986771583557129e-01
-4.900036752223968506e-01
-3.943532109260559082e-01
6.386742591857910156e-01
