-2.648451626300811768e-01
-3.896679580211639404e-01
3.077669441699981689e-01
-1.704624593257904053e-01
1.362986266613006592e-01
-4.390424787998199463e-01
-3.644169270992279053e-01
-6.245948672294616699e-01
-4.666807055473327637e-01
1.105142012238502502e-01
-1.621576249599456787e-01
2.121041864156723022e-01
-2.336844503879547119e-01
-3.344792127609252930e-01
1.399451587349176407e-02
-3.269457519054412842e-01
8.029139786958694458e-02
2.355788350105285645e-01
-1.266156882047653198e-01
2.383344024419784546e-01
4.709790349006652832e-01
2.329269200563430786e-01
2.756611704826354980e-01
-1.713249385356903076e-01
-3.731652796268463135e-01
-5.637804418802261353e-02
3.749503195285797119e-01
-4.798060357570648193e-01
2.755672037601470947e-01
2.695820629596710205e-01
