2.084225267171859741e-01
-1.646497398614883423e-01
-6.167308688163757324e-01
2.476322054862976074e-01
-4.575561881065368652e-01
-7.467918843030929565e-02
-4.756422340869903564e-01
1.434049010276794434e-01
3.306501507759094238e-01
-3.791401386260986328e-01
-3.320829272270202637e-01
-3.915598988533020020e-01
-6.703295707702636719e-01
-1.249612122774124146e-02
5.690133571624755859e-01
4.339396655559539795e-01
4.128701090812683105e-01
1.166728958487510681e-01
-6.241386532783508301e-01
9.074116349220275879e-01
-2.230368554592132568e-01
1.207134842872619629e+00
-6.009868383407592773e-01
-4.173467755317687988e-01
2.493420243263244629e-01
-7.409997582435607910e-01
4.818991422653198242e-01
4.270200729370117188e-01
-5.791577696800231934e-01
-7.973254323005676270e-01
