-3.676939308643341064e-01
-5.455234646797180176e-01
3.295954763889312744e-01
-8.317437767982482910e-01
7.993766665458679199e-01
-2.312842607498168945e-01
5.669230818748474121e-01
-4.843398034572601318e-01
-4.952978491783142090e-01
-1.306970566511154175e-01
3.476525843143463135e-01
-2.509062886238098145e-01
3.451368808746337891e-01
2.928146123886108398e-01
-2.887461483478546143e-01
-3.736142814159393311e-01
7.518951296806335449e-01
3.082914054393768311e-01
-3.752254247665405273e-01
2.175155282020568848e-01
6.108982563018798828e-01
2.889752686023712158e-01
5.721351504325866699e-01
-3.476077616214752197e-01
-1.022268414497375488e+00
-6.009258329868316650e-02
-7.513602972030639648e-01
5.850529670715332031e-01
-5.288795232772827148e-01
2.657580673694610596e-01
