1.319764256477355957e-01
2.689340896904468536e-02
4.307923913002014160e-01
-1.774750500917434692e-01
-1.154620572924613953e-01
-3.716722130775451660e-02
3.467973768711090088e-01
-4.447489678859710693e-01
-5.358461141586303711e-01
9.484447538852691650e-02
1.991465687751770020e-01
5.168303251266479492e-01
-2.549561560153961182e-01
-1.008385866880416870e-01
1.946448087692260742e-01
-2.608175575733184814e-01
-4.841889441013336182e-01
-1.694410443305969238e-01
4.204215705394744873e-01
-1.417299509048461914e-01
2.398250252008438110e-01
-4.943271577358245850e-01
-4.816649556159973145e-01
-3.024736046791076660e-01
5.773360729217529297e-01
-1.120264176279306412e-02
1.707345992326736450e-01
-2.692368328571319580e-01
6.960846483707427979e-02
4.704141914844512939e-01
