-2.443742603063583374e-01
-1.988162249326705933e-01
-2.855700552463531494e-01
-8.076774477958679199e-01
1.359042618423700333e-02
7.135396003723144531e-01
4.783884882926940918e-01
-3.664345443248748779e-01
-7.279083132743835449e-01
4.531808793544769287e-01
5.389512777328491211e-01
-4.474181830883026123e-01
-7.624674588441848755e-02
-4.040494561195373535e-01
-1.600995212793350220e-01
4.567582607269287109e-01
-2.538164556026458740e-01
-2.869808971881866455e-01
8.138458132743835449e-01
5.129402279853820801e-01
4.045561552047729492e-01
-1.907832920551300049e-01
-1.852100938558578491e-01
6.474043130874633789e-01
5.322619080543518066e-01
-1.000596582889556885e-01
8.908931016921997070e-01
-6.903150081634521484e-01
2.849725484848022461e-01
5.373246669769287109e-01
