2.713425830006599426e-02
6.166051700711250305e-02
1.745615154504776001e-01
-9.469867497682571411e-02
1.117620244622230530e-01
8.143580704927444458e-02
-2.606721222400665283e-02
-1.721884356811642647e-03
1.459651440382003784e-01
-9.624750353395938873e-03
1.250987201929092407e-01
-1.973102986812591553e-01
-3.981113433837890625e-02
7.345768064260482788e-02
-1.633504591882228851e-02
6.165853887796401978e-02
1.126805990934371948e-01
1.835792660713195801e-01
4.400861635804176331e-02
-3.891299292445182800e-02
1.758093833923339844e-01
1.132241785526275635e-01
2.427040599286556244e-02
6.340169161558151245e-02
2.723540365695953369e-02
3.112391382455825806e-02
6.691351532936096191e-02
3.109209239482879639e-01
-3.286529704928398132e-02
-3.027472086250782013e-02
