2.803535759449005127e-01
2.911528646945953369e-01
-5.505813360214233398e-01
-7.262014150619506836e-01
-2.529072575271129608e-02
-5.130711197853088379e-01
1.898782104253768921e-01
8.729679882526397705e-02
-5.795590877532958984e-01
9.474425017833709717e-02
5.429476499557495117e-01
8.207623362541198730e-01
3.399020135402679443e-01
-6.879349350929260254e-01
6.560049653053283691e-01
7.755078673362731934e-01
1.284871101379394531e-01
-4.558047950267791748e-01
1.266349852085113525e-01
5.084283947944641113e-01
-2.188792079687118530e-01
2.114419192075729370e-01
6.654102206230163574e-01
6.216189861297607422e-01
2.255135448649525642e-03
-1.467659026384353638e-01
1.178765892982482910e-01
6.284490227699279785e-01
-3.520486354827880859e-01
-1.923621743917465210e-01
