2.298859655857086182e-01
-7.022362351417541504e-01
5.891902446746826172e-01
1.173424050211906433e-01
-6.973624229431152344e-01
-1.645529568195343018e-01
2.849040031433105469e-01
1.631226688623428345e-01
-3.009382188320159912e-01
-6.524350643157958984e-01
-3.803051710128784180e-01
8.357555866241455078e-01
5.276914834976196289e-01
-5.757604241371154785e-01
-6.702679991722106934e-01
4.007368385791778564e-01
-2.243064492940902710e-01
-6.967229247093200684e-01
2.473010569810867310e-01
5.801972150802612305e-01
-2.497541457414627075e-01
5.344384908676147461e-01
2.657918632030487061e-01
4.294829070568084717e-01
-7.846190929412841797e-01
-3.194682598114013672e-01
-5.057063102722167969e-01
9.215534329414367676e-01
-5.900562405586242676e-01
5.559728741645812988e-01
