5.245602726936340332e-01
3.518593609333038330e-01
3.599914312362670898e-01
-4.419456124305725098e-01
5.105388760566711426e-01
-4.004691243171691895e-01
4.160456061363220215e-01
1.379081159830093384e-01
5.014468431472778320e-01
2.564218640327453613e-01
-4.742128252983093262e-01
-8.864856511354446411e-02
1.112373545765876770e-02
-2.475713193416595459e-01
4.088034331798553467e-01
1.240131352096796036e-02
-1.042793244123458862e-01
-2.834081351757049561e-01
-1.665733158588409424e-01
-2.330425679683685303e-01
1.837298572063446045e-01
4.480768144130706787e-01
3.791894614696502686e-01
-3.191081881523132324e-01
3.530055582523345947e-01
3.481769561767578125e-01
-6.075069904327392578e-01
2.660121917724609375e-01
1.424565762281417847e-01
4.038524627685546875e-01
