2.802308201789855957e-01
-1.530677080154418945e-01
-7.763216495513916016e-01
-2.665932103991508484e-02
-3.936673402786254883e-01
1.122050881385803223e-01
-1.215532779693603516e+00
4.099836945533752441e-02
6.564562320709228516e-01
-5.258221626281738281e-01
5.101861357688903809e-01
7.109973430633544922e-01
-6.336192488670349121e-01
-6.851863265037536621e-01
7.119905948638916016e-01
-8.138074278831481934e-01
-2.124297618865966797e-02
-2.690777480602264404e-01
-4.627202749252319336e-01
-5.650491714477539062e-01
1.751829534769058228e-01
3.571087718009948730e-01
5.591139793395996094e-01
9.336874485015869141e-01
-1.251707673072814941e-01
-2.730457782745361328e-01
-4.111177325248718262e-01
7.855146527290344238e-01
5.933472514152526855e-01
3.931724429130554199e-01
