1.894803494215011597e-01
-2.497271150350570679e-01
3.975755572319030762e-01
6.238703131675720215e-01
-1.285468041896820068e-01
2.486473917961120605e-01
2.772424817085266113e-01
-6.031107902526855469e-01
4.993153512477874756e-01
-5.181160569190979004e-01
2.538024485111236572e-01
-6.688079237937927246e-02
-6.352068185806274414e-01
-4.200367331504821777e-01
5.650659799575805664e-01
-3.180790841579437256e-01
1.973514556884765625e-01
-8.258664608001708984e-01
3.558227121829986572e-01
3.895821273326873779e-01
4.348324239253997803e-01
-1.284108608961105347e-01
-1.251087188720703125e-01
4.838160276412963867e-01
-5.082609057426452637e-01
4.992696046829223633e-01
4.729502648115158081e-02
7.547503709793090820e-01
6.692291498184204102e-01
1.032959446310997009e-01
