-5.068808197975158691e-01
3.373364359140396118e-02
-8.370742797851562500e-01
-6.918554902076721191e-01
-6.299064159393310547e-01
3.048281669616699219e-01
1.278625149279832840e-02
-1.814697980880737305e-01
-1.059099435806274414e+00
4.277505576610565186e-01
5.978085994720458984e-01
1.227607652544975281e-01
-1.649412959814071655e-01
-6.608409285545349121e-01
-5.600466728210449219e-01
-4.628424346446990967e-01
-2.994919717311859131e-01
-2.406523525714874268e-01
-6.293091773986816406e-01
-4.463817477226257324e-01
4.794143736362457275e-01
-1.382800340652465820e-01
5.406751632690429688e-01
2.578753232955932617e-01
-8.633913397789001465e-01
-9.515299797058105469e-01
-5.705778300762176514e-02
-5.169215146452188492e-03
-1.333079487085342407e-01
1.069554090499877930e+00
