-2.244178652763366699e-01
-7.114927470684051514e-02
-7.942097187042236328e-01
-4.554134607315063477e-01
4.166617095470428467e-01
7.367420792579650879e-01
-1.989389806985855103e-01
2.227023243904113770e-01
1.776723265647888184e-01
1.395444869995117188e-01
-4.959474802017211914e-01
-4.305850863456726074e-01
6.229977607727050781e-01
-7.189660072326660156e-01
-6.671274304389953613e-01
-9.953811168670654297e-01
-3.405965864658355713e-01
-8.870158195495605469e-01
4.652015566825866699e-01
-1.831368952989578247e-01
-1.982479244470596313e-01
3.693940043449401855e-01
6.054212450981140137e-01
6.681410074234008789e-01
3.859480023384094238e-01
8.671975135803222656e-01
5.985760688781738281e-01
3.035793304443359375e-01
-3.693793416023254395e-01
2.609061002731323242e-01
