-1.595736443996429443e-01
-9.385107159614562988e-01
-5.112006068229675293e-01
7.144241929054260254e-01
3.067829608917236328e-01
9.918382167816162109e-01
3.999308347702026367e-01
5.598798990249633789e-01
-8.257892727851867676e-01
-8.921688199043273926e-01
7.228082418441772461e-01
1.987037621438503265e-02
4.215787947177886963e-01
1.328925043344497681e-01
4.194379746913909912e-01
1.586681306362152100e-01
3.768804967403411865e-01
-3.860433101654052734e-01
4.873369634151458740e-01
6.304519772529602051e-01
-7.742922902107238770e-01
-2.317727543413639069e-03
9.488517642021179199e-01
6.076142787933349609e-01
-2.107893228530883789e-01
-1.606846302747726440e-01
-7.142960429191589355e-01
-8.341178297996520996e-01
-7.512869834899902344e-01
-6.669568419456481934e-01
