-2.699972391128540039e-01
5.285947322845458984e-01
5.399197340011596680e-01
-2.241439074277877808e-01
-6.053797006607055664e-01
1.647663563489913940e-01
3.052036762237548828e-01
2.170610278844833374e-01
-3.801969885826110840e-01
4.887093305587768555e-01
-1.698975637555122375e-02
-2.567306533455848694e-02
8.660621047019958496e-01
1.972011178731918335e-01
-1.758994162082672119e-02
5.080606341361999512e-01
-6.958422064781188965e-01
-5.190531015396118164e-01
3.991253972053527832e-01
-6.265307068824768066e-01
-1.992477774620056152e-01
-3.626015186309814453e-01
1.966251134872436523e-01
-7.434727549552917480e-01
-4.100314080715179443e-01
-3.268455564975738525e-01
-3.325594663619995117e-01
6.267232298851013184e-01
2.119507789611816406e-01
-3.567869076505303383e-03
