-5.138461589813232422e-01
2.640587650239467621e-02
2.294630557298660278e-01
-6.278919577598571777e-01
-5.816047787666320801e-01
-2.292679250240325928e-01
-3.065627813339233398e-01
-3.940260410308837891e-01
4.388753473758697510e-01
2.826686203479766846e-01
3.540734052658081055e-01
4.420344829559326172e-01
3.021653890609741211e-01
-1.242101192474365234e-01
-1.962835639715194702e-01
-1.903094053268432617e-01
-1.821809262037277222e-02
4.284379482269287109e-01
-6.584422290325164795e-02
4.113317728042602539e-01
2.912132143974304199e-01
-2.466992735862731934e-01
2.510782480239868164e-01
7.573701739311218262e-01
1.134724020957946777e-01
7.953982055187225342e-02
5.416784286499023438e-01
-3.513713777065277100e-01
-6.461757421493530273e-02
2.364555746316909790e-02
