-3.018566966056823730e-01
-7.778769135475158691e-01
-8.606303930282592773e-01
5.389650464057922363e-01
-6.155706048011779785e-01
8.182817697525024414e-02
-9.191100299358367920e-02
5.271731615066528320e-01
2.959673404693603516e-01
-3.240036368370056152e-01
-3.207632005214691162e-01
-7.302942872047424316e-01
-2.952365875244140625e-01
-5.350875854492187500e-01
2.832338809967041016e-01
8.869234323501586914e-01
6.262929439544677734e-01
1.300108879804611206e-01
-1.058838889002799988e-02
-2.659026980400085449e-01
1.911159977316856384e-02
2.696892619132995605e-01
1.255961805582046509e-01
5.599308609962463379e-01
-9.114534854888916016e-01
8.987417072057723999e-02
-4.444438815116882324e-01
-1.198340356349945068e-01
6.443489789962768555e-01
-4.313032031059265137e-01
