6.359422802925109863e-01
-1.623879671096801758e-01
5.343271493911743164e-01
-1.091289594769477844e-01
1.188290566205978394e-01
2.380289882421493530e-01
-2.180044949054718018e-01
2.597794234752655029e-01
-1.518250703811645508e-01
4.661930724978446960e-02
9.882239699363708496e-01
-4.418562725186347961e-02
7.270039916038513184e-01
8.560087680816650391e-01
-1.581255793571472168e-01
6.613510102033615112e-02
5.101808309555053711e-01
5.077340006828308105e-01
3.678619861602783203e-01
6.251856088638305664e-01
-5.423992276191711426e-01
4.212164580821990967e-01
4.227807223796844482e-01
4.141194522380828857e-01
-1.937869749963283539e-02
-4.430275261402130127e-01
-2.020315974950790405e-01
7.076055407524108887e-01
6.142488867044448853e-02
6.429218053817749023e-01
