-1.825886368751525879e-01
2.737163603305816650e-01
8.099842071533203125e-01
3.798100948333740234e-01
5.301216244697570801e-01
3.385363817214965820e-01
2.475869357585906982e-01
-1.880250573158264160e-01
6.510437130928039551e-01
-1.797179430723190308e-01
1.242361515760421753e-01
-1.560972481966018677e-01
-6.120306849479675293e-01
-3.276486098766326904e-01
-1.653003543615341187e-01
1.782516837120056152e-01
-2.426609396934509277e-01
3.885908424854278564e-01
7.893688082695007324e-01
-1.337991654872894287e-01
-2.880775183439254761e-02
-3.603733181953430176e-01
4.760251641273498535e-01
-4.193412661552429199e-01
-7.867812514305114746e-01
7.835227251052856445e-02
2.254307270050048828e-02
-7.061768174171447754e-01
2.995465993881225586e-01
-2.105002403259277344e-01
