-1.592794060707092285e+00
2.532137930393218994e-01
-3.552530407905578613e-01
-1.112760379910469055e-01
5.323846340179443359e-01
1.487727314233779907e-01
1.404732167720794678e-01
4.063134267926216125e-02
2.653482854366302490e-01
-5.307201743125915527e-01
4.588248431682586670e-01
-5.373210310935974121e-01
-1.114655435085296631e-01
6.712032556533813477e-01
-2.826295793056488037e-01
1.169994100928306580e-01
9.193019866943359375e-01
-2.883518338203430176e-01
-1.577749401330947876e-01
-5.683910474181175232e-02
1.252702236175537109e+00
-5.069074034690856934e-01
-1.134087800979614258e+00
4.160440564155578613e-01
2.396986335515975952e-01
-2.413056194782257080e-01
1.097971916198730469e+00
-2.229400426149368286e-01
4.218159914016723633e-01
3.374858200550079346e-02
