-2.540006116032600403e-02
-2.752988338470458984e-01
2.821651995182037354e-01
2.685933187603950500e-02
-7.136747241020202637e-01
1.970725208520889282e-01
-4.760979115962982178e-01
-5.913129448890686035e-01
-5.198093652725219727e-01
-2.706334553658962250e-02
3.252182900905609131e-01
5.954652428627014160e-01
-2.355572581291198730e-01
-3.516248762607574463e-01
-1.133527755737304688e-01
8.095266819000244141e-01
2.712728977203369141e-01
3.050143420696258545e-01
-8.164557814598083496e-01
-5.647027492523193359e-01
3.082771599292755127e-01
-4.254854619503021240e-01
1.609103530645370483e-01
1.694045066833496094e-01
1.897414624691009521e-01
4.205280542373657227e-01
-3.667015135288238525e-01
1.486720144748687744e-01
-9.183493256568908691e-01
1.019254446029663086e+00
