-3.023313358426094055e-02
-8.353203535079956055e-02
-1.579495370388031006e-01
-1.319708973169326782e-01
-2.146334797143936157e-01
1.467109769582748413e-01
2.482502907514572144e-01
-6.251534819602966309e-01
-6.580232977867126465e-01
-7.359545230865478516e-01
6.837539076805114746e-01
-1.774875074625015259e-01
2.611676156520843506e-01
8.669887483119964600e-02
-3.194298744201660156e-01
-4.847919344902038574e-01
3.191287517547607422e-01
2.614208757877349854e-01
-4.490364193916320801e-01
4.941709637641906738e-01
1.036687135696411133e+00
5.305326357483863831e-02
-1.106612756848335266e-01
7.290219664573669434e-01
1.613417118787765503e-01
2.582755386829376221e-01
-9.490843415260314941e-01
-2.949499785900115967e-01
5.782108306884765625e-01
3.794590234756469727e-01
