-1.279396861791610718e-01
4.645023345947265625e-01
3.264655768871307373e-01
-3.925511538982391357e-01
2.793299853801727295e-01
-3.593019843101501465e-01
4.074028134346008301e-01
-3.683508336544036865e-01
3.545249812304973602e-03
-6.748238950967788696e-02
2.729170322418212891e-01
6.316749453544616699e-01
2.532538175582885742e-01
4.872836172580718994e-01
7.101506590843200684e-01
-7.011778950691223145e-01
8.675034344196319580e-02
8.196749687194824219e-01
-1.865627318620681763e-01
3.202324807643890381e-01
-9.331939816474914551e-01
-1.607918888330459595e-01
-7.422515749931335449e-01
-3.368874788284301758e-01
8.704559504985809326e-02
5.432330965995788574e-01
-9.134591370820999146e-02
-4.558286964893341064e-01
1.162780746817588806e-01
1.541473716497421265e-01
