-1.891800165176391602e-01
2.425116114318370819e-02
3.648867085576057434e-02
-1.867198944091796875e-01
3.459969460964202881e-01
1.571623235940933228e-01
4.529801309108734131e-01
2.049882560968399048e-01
-3.605218529701232910e-01
-8.149555325508117676e-01
1.990601718425750732e-01
2.085626125335693359e-02
3.340135514736175537e-01
-2.688585221767425537e-01
-1.911615729331970215e-01
3.085601925849914551e-01
3.694646060466766357e-01
1.817055195569992065e-01
-1.480075418949127197e-01
-4.281510040163993835e-02
-1.410749554634094238e-01
5.579448938369750977e-01
-3.185015618801116943e-01
1.283085495233535767e-01
-2.803114652633666992e-01
-2.134625017642974854e-01
1.043068915605545044e-01
-3.232461512088775635e-01
-9.273662418127059937e-02
-1.796214282512664795e-01
