4.429142177104949951e-02
-3.250586390495300293e-01
3.669109046459197998e-01
2.785682082176208496e-01
-6.076037883758544922e-02
2.361966520547866821e-01
4.981310963630676270e-01
-2.028462290763854980e-01
3.095081746578216553e-01
-2.054362446069717407e-01
6.228486075997352600e-02
3.403500318527221680e-01
5.198093056678771973e-01
-1.394922882318496704e-01
-2.620216310024261475e-01
2.058194279670715332e-01
1.099580973386764526e-01
-3.057208955287933350e-01
-4.806047677993774414e-01
-1.767135858535766602e-01
2.769704759120941162e-01
-1.730831712484359741e-01
1.522018164396286011e-01
-8.745177090167999268e-02
4.440555721521377563e-02
4.784187078475952148e-01
6.884762048721313477e-01
3.083417378365993500e-02
-7.558664679527282715e-02
1.530159711837768555e-01
