-3.936049938201904297e-01
-3.551148176193237305e-01
4.445401206612586975e-02
7.853009551763534546e-02
-1.289207786321640015e-01
2.036728411912918091e-01
-1.814938187599182129e-01
-3.332599401473999023e-01
-4.404331147670745850e-01
-1.791934818029403687e-01
-8.227834105491638184e-02
1.591615229845046997e-01
3.209359347820281982e-01
-4.258809685707092285e-01
5.604288578033447266e-01
-6.955375075340270996e-01
-1.638505309820175171e-01
1.923794299364089966e-01
-7.699049115180969238e-01
-1.179678514599800110e-01
2.341588586568832397e-01
2.926901876926422119e-01
3.265327811241149902e-01
4.904842376708984375e-01
-1.022356301546096802e-01
2.340089157223701477e-02
-2.693042457103729248e-01
6.389307975769042969e-01
-3.232788145542144775e-01
3.972240090370178223e-01
