-3.816913664340972900e-01
2.949778735637664795e-01
1.135080605745315552e-01
1.791638731956481934e-01
-4.507158696651458740e-01
-1.067723855376243591e-01
5.462126433849334717e-02
-3.851060569286346436e-01
3.898750543594360352e-01
-5.932320654392242432e-02
2.121212631464004517e-01
3.399592638015747070e-01
-1.714592576026916504e-01
2.119007706642150879e-01
2.388586401939392090e-01
-7.570151239633560181e-02
-3.904818594455718994e-01
-2.633804678916931152e-01
2.402841448783874512e-01
1.149557381868362427e-01
3.443300724029541016e-01
-1.005903035402297974e-01
2.420021593570709229e-01
1.268654614686965942e-01
-1.753604710102081299e-01
2.170766517519950867e-02
3.625239059329032898e-02
-3.037835657596588135e-01
-1.383301913738250732e-01
3.552664518356323242e-01
