-5.787042155861854553e-02
7.226484362035989761e-03
-3.699147701263427734e-01
9.061414003372192383e-02
2.098706662654876709e-01
-4.194108545780181885e-01
5.224024653434753418e-01
-7.200210690498352051e-01
-4.213826060295104980e-01
5.878742337226867676e-01
7.558116316795349121e-01
5.438720583915710449e-01
3.190822303295135498e-01
8.783663809299468994e-02
-3.641394674777984619e-01
3.108728528022766113e-01
5.283443927764892578e-01
-5.491124391555786133e-01
-5.391643643379211426e-01
-1.421180367469787598e-01
-1.413185298442840576e-01
3.460100591182708740e-01
-2.565465569496154785e-01
7.509498000144958496e-01
6.538176536560058594e-01
6.150601059198379517e-02
3.664093017578125000e-01
-1.066652014851570129e-01
-4.602928161621093750e-01
4.183920919895172119e-01
