1.002968192100524902e+00
-1.210865378379821777e-01
-6.154629215598106384e-02
-3.835654854774475098e-01
-4.013966023921966553e-01
-4.876929521560668945e-01
5.881408452987670898e-01
-3.383690118789672852e-01
1.024118423461914062e+00
-1.383532881736755371e+00
1.010115385055541992e+00
-2.428273260593414307e-01
6.297886967658996582e-01
5.816585421562194824e-01
2.429344058036804199e-01
3.160058706998825073e-02
-9.629994034767150879e-01
2.985375225543975830e-01
7.234524935483932495e-02
1.897231638431549072e-01
9.010739326477050781e-01
7.913615703582763672e-01
-3.071087598800659180e-01
1.342793852090835571e-01
-3.580228686332702637e-01
-6.038972735404968262e-01
-6.478073596954345703e-01
-5.592939257621765137e-01
-6.199397891759872437e-02
1.488837599754333496e-01
