3.036345243453979492e-01
-2.468033283948898315e-01
-1.380074024200439453e-01
4.030583426356315613e-03
-2.104166597127914429e-01
-1.611155569553375244e-01
-4.188777208328247070e-01
1.770446151494979858e-01
3.857524320483207703e-02
-3.446377217769622803e-01
-3.268914818763732910e-01
3.389567434787750244e-01
4.354723393917083740e-01
-3.250304758548736572e-01
-2.289331145584583282e-02
1.438831090927124023e-01
2.943613529205322266e-01
-4.002588689327239990e-01
1.093257144093513489e-01
1.754319220781326294e-01
1.036676913499832153e-01
7.239702343940734863e-02
-2.333496510982513428e-01
-2.828715443611145020e-01
3.043630421161651611e-01
-2.944346368312835693e-01
9.845733642578125000e-02
-6.201220676302909851e-02
-3.531283512711524963e-02
2.296202331781387329e-01
