5.820074677467346191e-02
4.373014569282531738e-01
-2.724001705646514893e-01
9.395633935928344727e-01
-6.665706634521484375e-01
-6.241052150726318359e-01
-1.064002513885498047e+00
-3.210628926753997803e-01
6.270155906677246094e-01
3.815865889191627502e-02
1.850953996181488037e-01
4.778558015823364258e-01
-5.015715956687927246e-01
-4.277132749557495117e-01
-6.686054468154907227e-01
7.255192101001739502e-02
1.046301722526550293e+00
1.015399217605590820e+00
3.484328091144561768e-01
9.084644317626953125e-01
-1.661868840456008911e-01
6.254414916038513184e-01
4.164566397666931152e-01
5.094890594482421875e-01
-5.360727906227111816e-01
-5.817444324493408203e-01
-6.960501670837402344e-01
-4.559564292430877686e-01
3.628244698047637939e-01
-1.056867092847824097e-02
