1.251628160476684570e+00
4.679934680461883545e-01
-2.497576773166656494e-01
-6.959705352783203125e-01
-1.804124712944030762e-01
-1.073202043771743774e-01
-8.021859526634216309e-01
-2.624933123588562012e-01
9.683122858405113220e-03
1.656191498041152954e-01
-1.497067660093307495e-01
2.378505766391754150e-01
-6.311384439468383789e-01
-4.846281409263610840e-01
7.906942069530487061e-02
-9.939332008361816406e-01
7.800444960594177246e-01
-1.146146774291992188e+00
-1.777889090590178967e-03
1.050978422164916992e+00
-4.152583703398704529e-02
9.733638763427734375e-01
-8.003071546554565430e-01
-1.738919690251350403e-02
-6.033422946929931641e-01
9.942104220390319824e-01
-1.130117654800415039e+00
3.580203652381896973e-01
1.220260262489318848e+00
-1.660425961017608643e-01
