-3.444415330886840820e-01
3.888798952102661133e-01
2.861438989639282227e-01
2.206432521343231201e-01
-7.065986283123493195e-03
2.197792977094650269e-01
-3.083689808845520020e-01
1.184333786368370056e-01
-7.956841029226779938e-03
-3.146524727344512939e-01
1.240286380052566528e-01
-1.607347428798675537e-01
-6.681281328201293945e-02
-4.659311380237340927e-03
-3.628884851932525635e-01
-9.742481261491775513e-02
-1.140229105949401855e-01
1.079777404665946960e-01
2.006386965513229370e-01
4.015377163887023926e-01
-1.286727339029312134e-01
-3.111287951469421387e-01
4.190421998500823975e-01
2.525296807289123535e-01
-2.746700346469879150e-01
-2.289554923772811890e-01
-5.734117627143859863e-01
2.405521571636199951e-01
2.076111584901809692e-01
-3.596505820751190186e-01
