-1.027867756783962250e-02
6.060152500867843628e-02
1.912104040384292603e-01
1.896850615739822388e-01
7.347780466079711914e-02
-1.413807738572359085e-02
1.268246620893478394e-01
-1.866395175457000732e-01
2.417972236871719360e-01
-4.233962297439575195e-01
1.574764400720596313e-01
-7.933201640844345093e-02
-2.781522274017333984e-01
-2.329176664352416992e-01
2.017062902450561523e-01
-7.972262054681777954e-02
2.204919010400772095e-01
-4.724074304103851318e-01
-1.425756216049194336e-01
1.699718534946441650e-01
2.903047204017639160e-01
2.165039628744125366e-01
-2.419357895851135254e-01
2.709888517856597900e-01
1.159439459443092346e-01
-2.913522720336914062e-01
-1.342706084251403809e-01
1.308393925428390503e-01
-3.478539641946554184e-03
3.408256173133850098e-01
