-1.876796931028366089e-01
-8.403857946395874023e-01
-1.153352856636047363e+00
2.106722444295883179e-01
-9.463744163513183594e-01
5.924118161201477051e-01
-5.624175667762756348e-01
1.154044747352600098e+00
-9.180597662925720215e-01
-6.869977712631225586e-01
6.117244362831115723e-01
2.150086164474487305e-01
4.417697340250015259e-02
-1.954846978187561035e-01
-5.253779888153076172e-01
7.681604027748107910e-01
5.045199990272521973e-01
9.504427760839462280e-02
-3.782671988010406494e-01
-5.440438389778137207e-01
5.313709378242492676e-01
-3.235634863376617432e-01
-4.247157573699951172e-01
-4.398173987865447998e-01
3.592154383659362793e-02
5.476306676864624023e-01
-6.074104309082031250e-01
-7.695142626762390137e-01
1.570421159267425537e-01
-8.674548268318176270e-01
