-2.191214710474014282e-01
-1.855861693620681763e-01
-3.244443237781524658e-01
-3.020254969596862793e-01
4.245577156543731689e-01
3.658230900764465332e-01
-3.378128707408905029e-01
-8.677263557910919189e-02
-5.364058017730712891e-01
8.972332626581192017e-02
2.902880124747753143e-02
2.059371322393417358e-01
-1.454786658287048340e-01
-1.756664067506790161e-01
3.816870599985122681e-02
-2.792862057685852051e-01
-3.271936178207397461e-01
5.729050841182470322e-03
3.301780819892883301e-01
-2.640383839607238770e-01
-1.734068840742111206e-01
-1.395168900489807129e-02
2.475179284811019897e-01
-1.137155145406723022e-01
1.320305019617080688e-01
3.168168365955352783e-01
-2.660000920295715332e-01
2.935049831867218018e-01
2.124645113945007324e-01
-1.614240407943725586e-01
