3.410007059574127197e-01
2.428101003170013428e-01
1.656411737203598022e-01
-7.329106926918029785e-01
-6.201097965240478516e-01
-1.683813929557800293e-01
-4.574851095676422119e-01
-1.581160128116607666e-01
-5.343916416168212891e-01
2.761222422122955322e-01
-3.784644603729248047e-01
3.044867217540740967e-01
-4.853576719760894775e-01
-6.894604563713073730e-01
-6.844177842140197754e-01
-9.759082794189453125e-01
-1.248964518308639526e-01
-4.332998692989349365e-01
1.683352440595626831e-01
-5.907965898513793945e-01
-1.394540537148714066e-02
-9.083295464515686035e-01
1.254177212715148926e+00
5.649912357330322266e-01
-1.121088266372680664e+00
1.918410360813140869e-01
-4.927167892456054688e-01
4.866629838943481445e-01
-7.812271118164062500e-01
3.195307254791259766e-01
