2.324305772781372070e-01
-7.657479494810104370e-02
-6.368615478277206421e-02
-2.319155260920524597e-02
3.737353980541229248e-01
1.978856921195983887e-01
1.409920603036880493e-01
-2.078268676996231079e-01
2.395332306623458862e-01
1.185233518481254578e-01
-4.324351623654365540e-02
7.399203628301620483e-02
4.915183782577514648e-01
2.120421230792999268e-01
9.037896245718002319e-02
-1.682239919900894165e-01
-3.885496854782104492e-01
-4.904350638389587402e-01
3.678852021694183350e-01
2.694457471370697021e-01
-1.887538582086563110e-01
-6.516971588134765625e-01
1.667634770274162292e-02
-3.957422450184822083e-02
-1.400406956672668457e-01
2.537160217761993408e-01
1.193832755088806152e-01
-2.029866278171539307e-01
8.949844539165496826e-02
1.336437165737152100e-01
