-1.999955773353576660e-01
3.841930031776428223e-01
1.483930498361587524e-01
-1.508984416723251343e-01
-1.922565400600433350e-01
-2.179252803325653076e-01
5.629282817244529724e-02
-1.325541883707046509e-01
-5.788423120975494385e-02
1.154215335845947266e-01
-3.095108866691589355e-01
1.715986877679824829e-01
1.143007874488830566e-01
-3.975843191146850586e-01
-1.137788221240043640e-01
8.073219656944274902e-02
-2.845894694328308105e-01
-9.788896888494491577e-02
-4.782953560352325439e-01
5.584283471107482910e-01
3.013098835945129395e-01
-2.120492011308670044e-01
-2.263196744024753571e-02
3.257826566696166992e-01
3.103302717208862305e-01
2.246784716844558716e-01
-1.907968372106552124e-01
4.089938402175903320e-01
-1.501016020774841309e-01
2.852263152599334717e-01
