2.556279301643371582e-01
-7.301347851753234863e-01
-1.464578211307525635e-01
-3.892759978771209717e-01
3.404097855091094971e-01
-5.711752772331237793e-01
1.869018375873565674e-01
3.523260056972503662e-01
4.549810886383056641e-01
8.575335144996643066e-01
-5.978909134864807129e-01
-4.527176618576049805e-01
7.109749317169189453e-01
-5.850956439971923828e-01
-1.825349926948547363e-01
-6.926465630531311035e-01
5.880688130855560303e-02
4.951402246952056885e-01
-1.131392493844032288e-01
5.145672559738159180e-01
1.081109642982482910e+00
5.895884037017822266e-01
6.421249508857727051e-01
-4.121575951576232910e-01
-4.121639728546142578e-01
7.650005817413330078e-01
8.009463548660278320e-02
7.127742171287536621e-01
7.328360676765441895e-01
4.971741735935211182e-01
