-3.191889226436614990e-01
1.384897470474243164e+00
7.037378102540969849e-02
5.482351779937744141e-01
-3.288131654262542725e-01
4.119496047496795654e-01
-1.950541436672210693e-01
-5.342068672180175781e-01
-7.782036066055297852e-01
-9.924802184104919434e-01
-4.516548812389373779e-01
-5.172035694122314453e-01
4.068347811698913574e-01
4.654375091195106506e-02
6.222903132438659668e-01
5.645614862442016602e-01
3.542283773422241211e-01
2.181641161441802979e-01
5.261746048927307129e-01
7.621688842773437500e-01
5.380002856254577637e-01
-2.736811339855194092e-01
-4.791737794876098633e-01
2.710452377796173096e-01
2.568145692348480225e-01
-2.407810091972351074e-01
-2.903940677642822266e-01
4.099409878253936768e-01
5.027831196784973145e-01
1.708074510097503662e-01
