-4.578165411949157715e-01
-4.852344989776611328e-01
6.218302845954895020e-01
-3.373095393180847168e-01
-6.061555743217468262e-01
-1.165961027145385742e+00
1.011177778244018555e+00
5.935512781143188477e-01
-4.222193956375122070e-01
-5.183367729187011719e-01
-4.091200232505798340e-02
-2.869108021259307861e-01
3.064132854342460632e-02
-5.286670923233032227e-01
-7.019988447427749634e-02
-7.037414312362670898e-01
-3.000479042530059814e-01
-8.720372915267944336e-01
6.049726009368896484e-01
-5.181215405464172363e-01
7.254295349121093750e-01
-2.822493612766265869e-01
-4.011978581547737122e-02
-3.172710835933685303e-01
6.976425051689147949e-01
6.067727208137512207e-01
-1.396855562925338745e-01
-2.815972268581390381e-01
-2.668519318103790283e-01
-1.437138170003890991e-01
