-3.160394728183746338e-01
1.566651016473770142e-01
-2.920016646385192871e-01
-4.965207576751708984e-01
9.877445548772811890e-02
5.481118559837341309e-01
-4.144543409347534180e-01
8.038578033447265625e-01
-6.837385296821594238e-01
-3.564776182174682617e-01
8.255178928375244141e-01
-8.787639737129211426e-01
-7.955397963523864746e-01
7.463930547237396240e-02
-2.189406603574752808e-01
6.554255485534667969e-01
-5.444574356079101562e-01
-2.766603231430053711e-01
4.072112143039703369e-01
-8.623459339141845703e-01
-3.155224919319152832e-01
3.459855914115905762e-01
3.707509338855743408e-01
3.596892058849334717e-01
-1.305813938379287720e-01
3.619892895221710205e-01
-4.474689066410064697e-01
-7.356856465339660645e-01
6.776370406150817871e-01
-4.293032586574554443e-01
