6.208412721753120422e-02
-1.764559298753738403e-01
-5.467870831489562988e-02
-2.218211442232131958e-02
3.681314364075660706e-02
1.919169351458549500e-02
-2.766294777393341064e-02
-5.667796358466148376e-03
-2.671527303755283356e-02
-6.496645510196685791e-02
-9.181693941354751587e-02
6.985544413328170776e-02
1.010949164628982544e-01
2.828834112733602524e-03
2.256366424262523651e-02
6.798489391803741455e-02
-9.170044958591461182e-02
1.218234747648239136e-02
3.959683701395988464e-03
-4.377793893218040466e-02
-5.559055879712104797e-02
-8.720733970403671265e-02
7.132954895496368408e-02
5.920051410794258118e-02
1.001665089279413223e-02
-2.517580240964889526e-02
-4.284242540597915649e-02
6.919550895690917969e-02
-1.143076866865158081e-01
-1.104110758751630783e-02
