-1.385639458894729614e-01
1.004988402128219604e-01
-6.943062543869018555e-01
-1.113156080245971680e+00
7.884907722473144531e-01
-2.193056643009185791e-01
-4.296598136425018311e-01
2.463660985231399536e-01
-7.118044495582580566e-01
-7.465138435363769531e-01
2.622359693050384521e-01
-2.589864432811737061e-01
-6.110648512840270996e-01
7.408645749092102051e-01
6.647101044654846191e-01
6.403293609619140625e-01
-2.825062870979309082e-01
6.081736087799072266e-01
-6.853321194648742676e-01
7.925559282302856445e-01
-6.166808605194091797e-01
9.211613982915878296e-02
3.991833627223968506e-01
-9.785815142095088959e-03
-4.839884042739868164e-01
1.477471590042114258e-01
5.115843415260314941e-01
3.199251294136047363e-01
4.385136365890502930e-01
-4.718177318572998047e-01
