2.001901566982269287e-01
4.880935549736022949e-01
-2.063127756118774414e-01
-7.255321741104125977e-02
-3.103370368480682373e-01
-2.591764926910400391e-01
-4.048767089843750000e-01
-1.226715296506881714e-01
7.707906961441040039e-01
-4.568405449390411377e-02
2.558690011501312256e-01
-6.186854839324951172e-01
6.024994254112243652e-01
2.154099196195602417e-02
1.297713965177536011e-01
6.101840138435363770e-01
-2.588801085948944092e-01
4.934735894203186035e-01
3.439517915248870850e-01
1.167392507195472717e-01
7.376626729965209961e-01
-9.054411053657531738e-01
-6.942425370216369629e-01
6.486789584159851074e-01
6.868312507867813110e-02
-3.588815405964851379e-02
6.114021688699722290e-02
4.655440449714660645e-01
3.572757840156555176e-01
9.356903284788131714e-02
