2.898028492927551270e-01
4.136193096637725830e-01
-3.511251509189605713e-01
-1.330341100692749023e-01
1.618991494178771973e-01
1.175695955753326416e-01
-8.284272551536560059e-01
-3.002438545227050781e-01
9.143372625112533569e-02
5.963267087936401367e-01
-4.277758002281188965e-01
1.544781327247619629e-01
3.998807445168495178e-02
-1.297863572835922241e-01
5.658333301544189453e-01
7.433646321296691895e-01
-2.011568993330001831e-01
-2.187949568033218384e-01
2.387787699699401855e-01
-3.276570141315460205e-01
2.599013745784759521e-01
3.429920971393585205e-01
7.171688675880432129e-01
-2.772665619850158691e-01
-4.781298935413360596e-01
4.050865173339843750e-01
4.528892934322357178e-01
1.045781672000885010e-01
4.197056293487548828e-01
5.205400586128234863e-01
