-3.565036058425903320e-01
5.336734056472778320e-01
-8.896824121475219727e-01
2.255306094884872437e-01
1.992592215538024902e-01
1.002310872077941895e+00
-5.184761285781860352e-01
9.331040978431701660e-01
3.239407241344451904e-01
4.125223159790039062e-01
-6.145261526107788086e-01
1.810045093297958374e-01
-1.290400605648756027e-02
-4.357416033744812012e-01
-5.349821448326110840e-01
8.827452659606933594e-01
-1.699930578470230103e-01
2.176849991083145142e-01
8.220617175102233887e-01
-7.141509056091308594e-01
4.881564974784851074e-01
-1.003692150115966797e+00
-1.142020940780639648e+00
-2.111148834228515625e-01
3.983507156372070312e-01
5.775055885314941406e-01
-8.338612318038940430e-01
-9.787921309471130371e-01
1.861536204814910889e-01
7.548612952232360840e-01
