1.289490703493356705e-02
4.420961737632751465e-01
-1.377672553062438965e-01
-4.177636802196502686e-01
8.668856620788574219e-01
7.478399872779846191e-01
3.597648143768310547e-01
-6.134933605790138245e-02
-5.172737240791320801e-01
5.464944839477539062e-01
4.502599835395812988e-01
3.157548606395721436e-01
-6.234668493270874023e-01
7.418628931045532227e-01
-6.745668053627014160e-01
5.339317917823791504e-01
4.869466423988342285e-01
-6.367753744125366211e-01
-6.753969788551330566e-01
-3.747332692146301270e-01
2.216934710741043091e-01
-5.152133107185363770e-02
3.456305265426635742e-01
9.554652571678161621e-01
7.034239768981933594e-01
3.911671340465545654e-01
4.728503823280334473e-01
2.626000642776489258e-01
-1.494634002447128296e-01
-1.198804855346679688e+00
