-6.177257001399993896e-02
8.332018852233886719e-01
3.902578353881835938e-01
4.713808298110961914e-01
-8.796746283769607544e-02
-1.926280409097671509e-01
-5.290524959564208984e-01
-3.270744383335113525e-01
7.613658308982849121e-01
3.686251863837242126e-02
4.242293536663055420e-01
-5.075616240501403809e-01
3.571514040231704712e-02
3.522064983844757080e-01
4.070575833320617676e-01
-5.752356648445129395e-01
-5.251920819282531738e-01
2.767289280891418457e-01
6.274806857109069824e-01
-4.079634547233581543e-01
-1.181060969829559326e-01
6.213459968566894531e-01
4.720968306064605713e-01
-5.870371460914611816e-01
2.028297781944274902e-01
-3.632401525974273682e-01
4.912062883377075195e-01
5.445294976234436035e-01
-3.577572107315063477e-01
1.103060841560363770e-01
