-1.684632152318954468e-01
2.877711951732635498e-01
-6.523241400718688965e-01
1.019689366221427917e-01
7.278757691383361816e-01
3.386884033679962158e-01
4.224225878715515137e-01
-5.185585618019104004e-01
3.703197240829467773e-01
-5.580229759216308594e-01
-8.044283092021942139e-02
7.540874481201171875e-01
-6.126059889793395996e-01
1.921679377555847168e-01
-3.665935993194580078e-01
7.366136312484741211e-01
7.833692431449890137e-01
-3.909066021442413330e-01
-3.259565234184265137e-01
-7.672573328018188477e-01
-5.577913522720336914e-01
5.066675543785095215e-01
-4.827742278575897217e-01
1.846093237400054932e-01
-3.446513414382934570e-02
5.171871557831764221e-02
-2.042964100837707520e-01
-5.395103693008422852e-01
3.640699386596679688e-01
-5.586348176002502441e-01
