-6.452962756156921387e-01
1.384682297706604004e+00
1.482573449611663818e-01
5.051693916320800781e-01
3.090877830982208252e-01
-4.331836700439453125e-01
-6.384000778198242188e-01
-1.173343956470489502e-01
-8.443992584943771362e-02
-3.924841582775115967e-01
-3.802781701087951660e-01
-2.783466577529907227e-01
-8.767008781433105469e-02
2.822378575801849365e-01
-4.267445802688598633e-01
2.489060908555984497e-01
6.145835388451814651e-03
-3.866656124591827393e-01
-2.547723352909088135e-01
4.128972887992858887e-01
5.320813059806823730e-01
-2.278897613286972046e-01
-8.228476047515869141e-01
2.715940773487091064e-01
-4.647926688194274902e-01
-3.385703563690185547e-01
4.364580512046813965e-01
-5.594816803932189941e-02
-1.756406426429748535e-01
5.104954242706298828e-01
