7.141293287277221680e-01
-2.775923907756805420e-01
1.992956995964050293e-01
-1.982899308204650879e-01
-4.139335751533508301e-01
-1.627919524908065796e-01
-3.305846452713012695e-01
-6.215337514877319336e-01
3.748839199542999268e-01
2.659552097320556641e-01
3.892266154289245605e-01
-2.776176333427429199e-01
2.839158773422241211e-01
-4.706776440143585205e-01
2.363028526306152344e-01
2.451869547367095947e-01
-1.507646143436431885e-01
2.012611031532287598e-01
3.984402120113372803e-01
4.667103588581085205e-01
-6.241486966609954834e-02
2.973743677139282227e-01
-1.809279620647430420e-01
4.465119242668151855e-01
-3.596276277676224709e-03
-5.672471523284912109e-01
1.579793356359004974e-02
4.341923817992210388e-02
-2.144298106431961060e-01
-9.884359687566757202e-02
