3.206475973129272461e-01
6.656368970870971680e-01
-1.453604549169540405e-01
-3.405824005603790283e-01
-4.158463776111602783e-01
-6.133456230163574219e-01
-1.850253343582153320e-01
6.912963390350341797e-01
2.221782132983207703e-02
-1.220837235450744629e-01
-1.208634823560714722e-01
-5.941281318664550781e-01
-3.065837323665618896e-01
-2.648981511592864990e-01
6.063793897628784180e-01
3.138195574283599854e-01
-5.422420501708984375e-01
-6.650652289390563965e-01
-5.822515115141868591e-03
2.981970310211181641e-01
-7.248599827289581299e-02
2.044775933027267456e-01
-6.028342247009277344e-01
2.068678736686706543e-01
-6.132760047912597656e-01
-2.954749390482902527e-02
-1.004777923226356506e-01
-4.801633954048156738e-01
-3.832501173019409180e-01
-3.422399163246154785e-01
