2.422220073640346527e-02
-7.080208063125610352e-01
-8.646062016487121582e-02
-1.248043477535247803e-01
-2.690290808677673340e-01
-2.370444834232330322e-01
1.655454635620117188e-01
-7.021381855010986328e-01
-3.085178136825561523e-01
3.226798772811889648e-01
-1.961100250482559204e-01
2.841822206974029541e-01
9.733322262763977051e-01
2.261853069067001343e-01
-1.463509444147348404e-02
2.236519604921340942e-01
8.316280841827392578e-01
1.013047099113464355e-01
-7.454654574394226074e-01
2.308840900659561157e-01
2.976602613925933838e-01
-1.741200387477874756e-01
-1.427532672882080078e+00
-5.489915609359741211e-01
7.138603925704956055e-01
1.349181532859802246e-01
4.152795076370239258e-01
3.333016335964202881e-01
-3.751603662967681885e-01
4.947381615638732910e-01
