-8.152042329311370850e-02
3.082768321037292480e-01
-3.266256749629974365e-01
1.024884581565856934e-01
-1.888097971677780151e-01
6.579717993736267090e-01
4.135234057903289795e-01
5.165509581565856934e-01
7.494695782661437988e-01
3.940171897411346436e-01
3.439258784055709839e-02
2.068166583776473999e-01
3.666015565395355225e-01
5.695232152938842773e-01
-3.246917426586151123e-01
1.336226165294647217e-01
-5.703681707382202148e-01
5.795308351516723633e-01
-2.011671811342239380e-01
3.178301453590393066e-01
7.762636542320251465e-01
-8.885682374238967896e-02
4.160021841526031494e-01
-1.719231456518173218e-01
3.466919362545013428e-01
3.325437009334564209e-02
1.401199251413345337e-01
-6.080139279365539551e-01
-1.661789864301681519e-01
4.924028813838958740e-01
