4.501100182533264160e-01
6.010174155235290527e-01
-1.044295132160186768e-01
-1.529663503170013428e-01
4.330414831638336182e-01
-4.357067942619323730e-01
7.201718091964721680e-01
3.149400949478149414e-01
1.012537851929664612e-01
1.991823762655258179e-01
1.879383325576782227e-01
-7.228942215442657471e-02
7.160778343677520752e-02
-3.103134036064147949e-01
-3.852297067642211914e-01
2.806712687015533447e-01
-5.362974405288696289e-01
-3.215665519237518311e-01
5.551720857620239258e-01
6.953361034393310547e-01
-3.240814507007598877e-01
3.094906508922576904e-01
-6.737892031669616699e-01
7.376072555780410767e-02
-3.079336285591125488e-01
1.153027638792991638e-02
-8.251101970672607422e-01
-4.675257205963134766e-01
3.250591456890106201e-02
1.924990415573120117e-01
