2.380565274506807327e-03
3.187886476516723633e-01
-2.058121562004089355e-01
-7.610073778778314590e-03
-3.813776075839996338e-01
-4.126058518886566162e-02
1.842852532863616943e-01
7.083297520875930786e-02
5.481175780296325684e-01
-3.416635394096374512e-01
3.754597604274749756e-01
-6.389448791742324829e-02
3.949297368526458740e-01
-5.624487400054931641e-01
-4.505477249622344971e-01
-1.738518834114074707e+00
-8.200678229331970215e-01
1.630323380231857300e-02
9.212017059326171875e-01
-3.258686065673828125e-01
4.526356756687164307e-01
3.978983163833618164e-01
5.618356466293334961e-01
3.131869137287139893e-01
-8.818407654762268066e-01
5.454438552260398865e-02
6.955941915512084961e-01
2.688628137111663818e-01
-3.586165308952331543e-01
4.253281652927398682e-01
