4.368365406990051270e-01
-2.975392900407314301e-02
5.812367200851440430e-01
-4.930143654346466064e-01
-2.940155267715454102e-01
-4.085023328661918640e-02
-6.679012775421142578e-01
-3.443971574306488037e-01
8.765664100646972656e-01
8.062303811311721802e-02
5.240528583526611328e-01
1.334313392639160156e+00
4.718014597892761230e-01
3.382132053375244141e-01
5.800581574440002441e-01
6.187972426414489746e-01
4.297716915607452393e-01
-3.381068706512451172e-01
4.434564709663391113e-02
-3.186942338943481445e-01
2.066750451922416687e-02
-4.366186857223510742e-01
-9.740937384776771069e-04
1.004325985908508301e+00
-2.083158940076828003e-01
-9.524085372686386108e-02
2.076508104801177979e-01
1.001783087849617004e-01
-6.400299668312072754e-01
3.895210623741149902e-01
