4.349652230739593506e-01
3.051605522632598877e-01
1.111637592315673828e+00
-4.764623939990997314e-01
5.622862577438354492e-01
-7.164731621742248535e-01
2.036743909120559692e-01
-2.887730598449707031e-01
5.515081286430358887e-01
-4.151218831539154053e-01
-6.970446109771728516e-01
-4.850760996341705322e-01
4.956490546464920044e-02
-5.485070347785949707e-01
-4.254123270511627197e-01
4.541576802730560303e-01
4.920676946640014648e-01
-7.136900424957275391e-01
4.388897120952606201e-02
-7.047368884086608887e-01
1.223953068256378174e-01
1.066521704196929932e-01
9.247733950614929199e-01
-6.033445000648498535e-01
-4.848776012659072876e-02
9.425221383571624756e-02
-4.259398281574249268e-01
-4.161405563354492188e-01
6.911566108465194702e-02
4.294058978557586670e-01
