-2.495405375957489014e-01
-4.835679233074188232e-01
1.016934290528297424e-01
1.463225781917572021e-01
2.657940238714218140e-02
-2.478525787591934204e-01
-2.645181715488433838e-01
3.284847736358642578e-01
2.566774785518646240e-01
-6.556812524795532227e-01
-3.191053271293640137e-01
4.954962134361267090e-01
5.118018984794616699e-01
4.437720179557800293e-01
-3.390991687774658203e-01
-4.211444556713104248e-01
4.158774912357330322e-01
1.279177796095609665e-02
1.409469246864318848e-01
-4.646531641483306885e-01
-2.269515991210937500e-01
-3.136409819126129150e-01
5.756216049194335938e-01
2.373686581850051880e-01
5.303650498390197754e-01
2.687217295169830322e-01
-6.002324447035789490e-02
-1.131802871823310852e-01
5.563614368438720703e-01
2.838299870491027832e-01
