5.405756235122680664e-01
-1.029406070709228516e+00
3.817803263664245605e-01
8.155972957611083984e-01
2.031145095825195312e-01
6.897411346435546875e-01
-7.568706274032592773e-01
6.706745624542236328e-01
-3.048260807991027832e-01
3.465814888477325439e-01
7.718033790588378906e-01
-2.670032382011413574e-01
-4.459832310676574707e-01
-7.479269504547119141e-01
7.334186434745788574e-01
-2.999497056007385254e-01
7.853369116783142090e-01
-1.530228108167648315e-01
2.226819843053817749e-01
6.448863148689270020e-01
-5.530263781547546387e-01
1.149461865425109863e+00
5.139415711164474487e-02
-2.162626981735229492e-01
9.744464755058288574e-01
-4.330873489379882812e-01
-4.645593762397766113e-01
-4.357358813285827637e-01
-2.263292521238327026e-01
4.357227087020874023e-01
