-1.080463081598281860e-02
-8.424813151359558105e-01
1.750113368034362793e-01
-4.628791809082031250e-01
-5.796676874160766602e-01
-1.116895303130149841e-01
-4.774531424045562744e-01
4.053165018558502197e-01
-1.501716524362564087e-01
3.634222447872161865e-01
1.602578759193420410e-01
1.079740449786186218e-01
5.250170826911926270e-01
-1.336565315723419189e-01
-4.333325326442718506e-01
-5.402514934539794922e-01
-8.098229169845581055e-01
-3.496992588043212891e-01
6.778240948915481567e-02
-2.415929734706878662e-01
6.856901943683624268e-02
6.192798614501953125e-01
5.216251015663146973e-01
7.760554552078247070e-01
-3.804683387279510498e-01
8.712894916534423828e-01
-4.611252248287200928e-01
-1.122696325182914734e-01
6.487690806388854980e-01
-4.735438227653503418e-01
