2.420746088027954102e-01
3.083469271659851074e-01
-6.930335760116577148e-01
-3.871183693408966064e-01
2.988354563713073730e-01
-2.833490073680877686e-01
-1.110421940684318542e-01
1.392754077911376953e+00
6.460490226745605469e-01
8.368221521377563477e-01
8.204822242259979248e-02
-6.257494091987609863e-01
9.418038129806518555e-01
-1.541681140661239624e-01
-2.948594391345977783e-01
2.932989597320556641e-01
-4.505940526723861694e-02
6.412425041198730469e-01
-3.093175590038299561e-01
-2.632050812244415283e-01
1.044917702674865723e+00
2.231397032737731934e-01
-4.323632419109344482e-01
7.751184701919555664e-02
-6.340849399566650391e-01
3.605876266956329346e-01
2.800373435020446777e-01
-5.291914939880371094e-01
3.167439103126525879e-01
-2.553099691867828369e-01
