2.732500731945037842e-01
-5.346529558300971985e-02
4.109827280044555664e-01
4.620113074779510498e-01
4.623797908425331116e-02
-1.885802894830703735e-01
-3.055067360401153564e-01
3.860444724559783936e-01
-9.105306267738342285e-01
-5.737441778182983398e-01
1.512482017278671265e-01
-6.117915511131286621e-01
5.700301527976989746e-01
6.690372228622436523e-01
2.374717779457569122e-02
-1.577608734369277954e-01
2.177650332450866699e-01
9.875487685203552246e-01
-8.893857598304748535e-01
4.709514975547790527e-01
4.485020339488983154e-01
-7.127157449722290039e-01
3.894984722137451172e-01
-1.760457293130457401e-03
2.864266037940979004e-01
1.324677318334579468e-01
3.282123208045959473e-01
-1.547011826187372208e-02
1.265328675508499146e-01
5.248518288135528564e-02
