-9.909283369779586792e-02
-5.862347483634948730e-01
-1.064803719520568848e+00
-7.943411469459533691e-01
-6.719114631414413452e-02
-6.247738003730773926e-01
-8.368036746978759766e-01
-1.324207931756973267e-01
4.375503659248352051e-01
1.482696980237960815e-01
-5.166802406311035156e-01
4.022746980190277100e-01
6.937549710273742676e-01
4.082581400871276855e-01
-8.967385441064834595e-02
8.973789215087890625e-01
-7.781097888946533203e-01
4.741878509521484375e-01
7.308754920959472656e-01
8.414410352706909180e-01
4.067174494266510010e-01
-4.892230331897735596e-01
-2.537806034088134766e-01
1.403533965349197388e-01
-6.896750926971435547e-01
-2.368887066841125488e-01
6.934683322906494141e-01
-3.834780752658843994e-01
-2.166276723146438599e-01
2.108436971902847290e-01
