-1.933304816484451294e-01
-2.729392349720001221e-01
4.913573563098907471e-01
4.086288511753082275e-01
-4.648152887821197510e-01
-1.982642561197280884e-01
6.498365998268127441e-01
2.723940014839172363e-01
3.550173640251159668e-01
-2.877231836318969727e-01
-3.483625650405883789e-01
-3.151915967464447021e-01
-5.568044781684875488e-01
1.309278905391693115e-01
-3.346335291862487793e-01
3.182584643363952637e-01
5.449252575635910034e-02
-1.710786819458007812e-01
-4.182817935943603516e-01
-2.529272139072418213e-01
-2.900237739086151123e-01
3.037311434745788574e-01
3.950535655021667480e-01
-2.658381760120391846e-01
-2.699604332447052002e-01
6.269965320825576782e-02
3.285931050777435303e-01
-4.247692227363586426e-01
-9.484346210956573486e-02
6.711707115173339844e-01
