-5.001940727233886719e-01
4.257004261016845703e-01
5.467655658721923828e-01
-5.607301592826843262e-01
-5.460280179977416992e-01
3.499860465526580811e-01
-3.676772713661193848e-01
-4.134613871574401855e-01
3.139336109161376953e-01
8.149494975805282593e-02
1.640379577875137329e-01
-2.361088693141937256e-01
4.124902784824371338e-01
4.334005117416381836e-01
1.195295751094818115e-01
5.384691059589385986e-02
-1.240900978446006775e-01
5.833089947700500488e-01
-5.374597311019897461e-01
-7.973442077636718750e-01
4.005691111087799072e-01
1.501815915107727051e-01
-6.240304708480834961e-01
-9.982013702392578125e-02
1.046498864889144897e-01
3.807342052459716797e-01
-1.620432138442993164e-01
2.505163662135601044e-02
-2.615271210670471191e-01
-7.814561575651168823e-02
