3.995745480060577393e-01
-2.769449055194854736e-01
-2.157312035560607910e-01
1.416909992694854736e-01
-4.097256958484649658e-01
1.275469213724136353e-01
-2.864371240139007568e-02
-1.121210157871246338e-01
-8.935309015214443207e-03
-2.971954047679901123e-01
2.594993822276592255e-02
1.118395105004310608e-02
-2.898984253406524658e-01
1.952596157789230347e-01
-3.896064460277557373e-01
-1.413038671016693115e-01
2.879010438919067383e-01
-1.890020519495010376e-01
5.784798860549926758e-01
-3.476541638374328613e-01
5.350504070520401001e-02
-8.311960846185684204e-02
-8.421227335929870605e-02
1.264799237251281738e-01
3.963280618190765381e-01
2.077476680278778076e-01
7.360048592090606689e-02
-5.249164700508117676e-01
-2.810908555984497070e-01
3.730617165565490723e-01
