-6.696883589029312134e-02
5.474191904067993164e-01
-5.545898675918579102e-01
2.745458483695983887e-01
4.741461575031280518e-01
-3.291388452053070068e-01
2.507876791059970856e-02
-1.036034431308507919e-02
-2.385056912899017334e-01
1.822214126586914062e-01
-4.809142947196960449e-01
3.906852304935455322e-01
-6.427440047264099121e-01
2.537989318370819092e-01
-2.105771303176879883e-01
1.930223852396011353e-01
1.074153035879135132e-01
-3.936980366706848145e-01
-4.033321142196655273e-01
3.977734744548797607e-01
2.963009774684906006e-01
-2.787937819957733154e-01
2.355016469955444336e-01
1.130463629961013794e-01
-2.866912782192230225e-01
-3.782357275485992432e-01
3.827241889666765928e-04
-1.392226666212081909e-01
8.312688767910003662e-02
-2.389909327030181885e-01
