-2.665173411369323730e-01
1.253192871809005737e-01
3.134265840053558350e-01
-3.077662587165832520e-01
-4.259010311216115952e-03
-1.290019601583480835e-01
-3.157496452331542969e-01
4.061603546142578125e-01
2.735208570957183838e-01
2.540803253650665283e-01
-8.933851122856140137e-02
2.618550956249237061e-01
3.609222471714019775e-01
1.475298553705215454e-01
3.315314054489135742e-01
-8.507974147796630859e-01
-5.008223056793212891e-01
3.699977993965148926e-01
-2.306947559118270874e-01
7.454697787761688232e-02
4.660845994949340820e-01
6.502097100019454956e-02
-1.492887884378433228e-01
2.438669353723526001e-01
2.671429887413978577e-02
-3.240357637405395508e-01
-3.922181725502014160e-01
6.367074698209762573e-02
3.904371261596679688e-01
1.663599014282226562e-01
