-2.131581902503967285e-01
-2.433436810970306396e-01
-1.251973658800125122e-01
1.897808909416198730e-01
-1.979133635759353638e-01
-3.115216493606567383e-01
2.923979461193084717e-01
-2.528502941131591797e-01
-1.240332052111625671e-01
-4.698460400104522705e-01
-1.816558688879013062e-01
2.679984271526336670e-01
1.434599906206130981e-01
-1.088830381631851196e-01
-7.558627426624298096e-02
2.560139596462249756e-01
-4.998178407549858093e-02
-1.837631464004516602e-01
2.992581129074096680e-01
-2.067380100488662720e-01
3.246991336345672607e-01
2.283649891614913940e-01
-1.282687783241271973e-01
6.580033898353576660e-01
-1.914747804403305054e-02
4.832207560539245605e-01
-3.837960958480834961e-01
8.664495497941970825e-02
2.416653782129287720e-01
7.351299524307250977e-01
