3.876771926879882812e-01
-1.859898567199707031e-01
8.052000403404235840e-01
4.625869393348693848e-01
5.203562974929809570e-01
-8.119402825832366943e-02
8.289011120796203613e-01
7.102940082550048828e-01
-1.578460335731506348e-01
5.140972733497619629e-01
3.320746719837188721e-01
6.467776373028755188e-03
4.633935689926147461e-01
4.414659738540649414e-01
-1.162850499153137207e+00
2.921207547187805176e-01
-4.691764116287231445e-01
-6.171485185623168945e-01
-6.432743072509765625e-01
1.341369450092315674e-01
-2.354364395141601562e-01
3.169585466384887695e-01
4.256539642810821533e-01
3.134821653366088867e-01
-1.908146291971206665e-01
-1.625402867794036865e-01
1.610585451126098633e-01
3.416270911693572998e-01
2.885000109672546387e-01
-8.608653545379638672e-01
