-5.334140062332153320e-01
-2.525047063827514648e-01
3.482244014739990234e-01
3.102940320968627930e-01
2.137518823146820068e-01
-5.238800644874572754e-01
-5.183762907981872559e-01
-1.278122961521148682e-01
3.956306576728820801e-01
-3.782016038894653320e-01
8.821673393249511719e-01
5.211567282676696777e-01
-7.914926409721374512e-01
-5.946839451789855957e-01
7.039563059806823730e-01
5.162966251373291016e-01
3.159478306770324707e-01
-2.013801038265228271e-01
5.147851705551147461e-01
4.761503636837005615e-01
-2.740757167339324951e-01
8.571098446846008301e-01
-4.597977101802825928e-01
6.273722648620605469e-02
3.242879509925842285e-01
4.092033803462982178e-01
3.945296108722686768e-01
7.885800302028656006e-02
1.831499487161636353e-01
-2.130318135023117065e-01
