-3.930072486400604248e-01
-6.011570096015930176e-01
-4.816398918628692627e-01
-2.193686366081237793e-01
-7.842257618904113770e-01
4.061617255210876465e-01
8.670938014984130859e-01
-4.994869232177734375e-01
-2.847611308097839355e-01
5.243253111839294434e-01
-3.394628167152404785e-01
6.081306934356689453e-01
7.695789337158203125e-01
-2.053835093975067139e-01
3.653965294361114502e-01
6.361362338066101074e-01
6.121050119400024414e-01
-7.319207191467285156e-01
7.409264445304870605e-01
-8.267541527748107910e-01
-5.134248137474060059e-01
-5.571262836456298828e-01
-6.360181141644716263e-03
-4.921292960643768311e-01
1.089307367801666260e-01
4.227446317672729492e-01
-5.184708237648010254e-01
-1.488574501127004623e-02
1.033979296684265137e+00
-4.853686988353729248e-01
