5.745024085044860840e-01
-4.846459925174713135e-01
3.061394765973091125e-02
5.901902318000793457e-01
-3.027389347553253174e-01
-7.228729724884033203e-01
3.990079760551452637e-01
6.987800598144531250e-01
5.779705643653869629e-01
-3.371894359588623047e-01
-4.132361710071563721e-01
1.882145851850509644e-01
-6.713480949401855469e-01
5.333184599876403809e-01
2.395740151405334473e-01
1.231282114982604980e+00
2.921952903270721436e-01
8.461507558822631836e-01
1.657392084598541260e-01
2.468592524528503418e-01
-5.592095851898193359e-01
-6.539565920829772949e-01
-9.268828481435775757e-02
3.954956829547882080e-01
-7.868189215660095215e-01
6.795120239257812500e-01
8.848823308944702148e-01
4.668133854866027832e-01
-3.528038859367370605e-01
-3.616071073338389397e-03
