-1.301253288984298706e-01
6.108669638633728027e-01
-1.172600150108337402e+00
5.872584581375122070e-01
-4.882401227951049805e-01
4.568590819835662842e-01
5.070741772651672363e-01
6.994106173515319824e-01
2.376009225845336914e-01
4.215191584080457687e-03
4.061683714389801025e-01
-6.673699021339416504e-01
3.637039065361022949e-01
4.878513216972351074e-01
-5.014428496360778809e-01
-4.798252582550048828e-01
2.613954842090606689e-01
-8.775226473808288574e-01
-3.333665663376450539e-03
-1.006525516510009766e+00
6.331965327262878418e-02
-6.105215549468994141e-01
-7.729650139808654785e-01
2.319358289241790771e-01
1.484352946281433105e-01
-5.385685563087463379e-01
5.395457148551940918e-01
4.791142642498016357e-01
6.482306718826293945e-01
3.440570831298828125e-01
