2.673400640487670898e-01
-5.202403068542480469e-01
-4.498524963855743408e-01
1.833180487155914307e-01
3.136602342128753662e-01
-2.575955986976623535e-01
2.279702723026275635e-01
-6.651990413665771484e-01
8.910664916038513184e-01
3.326275348663330078e-01
-1.156545728445053101e-01
8.902728557586669922e-01
5.403129458427429199e-01
-6.744728684425354004e-01
-8.577937483787536621e-01
-4.022367000579833984e-01
-3.778761029243469238e-01
4.490918815135955811e-01
-6.106641888618469238e-01
-5.499188303947448730e-01
-5.975090265274047852e-01
3.614778816699981689e-01
6.744681596755981445e-01
-9.924312829971313477e-01
6.218155026435852051e-01
-2.886307239532470703e-01
-2.690168619155883789e-01
2.054132670164108276e-01
-3.617237806320190430e-01
-7.165451049804687500e-01
