3.850510716438293457e-01
-3.771940618753433228e-02
-9.283048510551452637e-01
5.679349303245544434e-01
-4.543507695198059082e-01
-1.152657508850097656e+00
8.634027242660522461e-01
6.444572210311889648e-01
-1.021278023719787598e+00
-3.485717773437500000e-01
-1.013888835906982422e+00
-3.804957568645477295e-01
-3.006702065467834473e-01
4.697497487068176270e-01
-6.532366871833801270e-01
6.671869754791259766e-01
5.290082693099975586e-01
-9.218319058418273926e-01
-4.178821444511413574e-01
-5.911501049995422363e-01
4.616478681564331055e-01
3.189342617988586426e-01
-5.188338756561279297e-01
-5.256217122077941895e-01
3.743707239627838135e-01
8.225921392440795898e-01
7.993703484535217285e-01
6.460366249084472656e-01
8.975107222795486450e-02
-4.876795709133148193e-01
