-3.464460372924804688e-01
3.060262501239776611e-01
4.557157866656780243e-03
5.277796387672424316e-01
-7.641903162002563477e-01
-3.547682166099548340e-01
-4.639818966388702393e-01
6.574361324310302734e-01
-5.587916374206542969e-01
6.627035737037658691e-01
-9.925728440284729004e-01
-8.958184123039245605e-01
-3.503933846950531006e-01
-5.141329765319824219e-01
4.277907907962799072e-01
-5.121933296322822571e-02
-6.663810610771179199e-01
-9.042961597442626953e-01
-5.412048101425170898e-01
6.003451347351074219e-01
-3.341269791126251221e-01
4.207739531993865967e-01
1.487771235406398773e-02
5.414989590644836426e-01
-6.013621687889099121e-01
-1.225280985236167908e-01
-6.975571513175964355e-01
1.385802030563354492e-01
-9.645852446556091309e-01
7.351028323173522949e-01
