-4.953656792640686035e-01
-1.111362576484680176e-01
6.863038986921310425e-02
8.002093434333801270e-02
-2.148385047912597656e-01
-2.716464400291442871e-01
7.301004230976104736e-02
-3.094792133197188377e-03
-1.425986140966415405e-01
-2.090718597173690796e-01
-3.018693625926971436e-01
-1.019244939088821411e-01
-3.039017021656036377e-01
-5.825604498386383057e-02
-4.902593195438385010e-01
8.731052279472351074e-01
-2.816407978534698486e-01
7.136143445968627930e-01
-2.950629778206348419e-02
-3.030337765812873840e-02
3.424726426601409912e-01
-2.499118447303771973e-01
-4.727314114570617676e-01
-3.150888383388519287e-01
-9.042997658252716064e-02
1.296467334032058716e-01
3.320671916007995605e-01
4.719492420554161072e-02
6.817326545715332031e-01
2.724842354655265808e-02
