2.076532691717147827e-01
4.710979759693145752e-01
-2.904071509838104248e-01
-3.476106226444244385e-01
-6.468953490257263184e-01
5.188118815422058105e-01
-4.782968163490295410e-01
-1.817123293876647949e-01
-7.580797672271728516e-01
6.328022480010986328e-01
-2.150235176086425781e-01
4.405283033847808838e-01
-6.182102560997009277e-01
6.015598773956298828e-01
5.799728035926818848e-01
5.421722531318664551e-01
-4.672493040561676025e-01
3.679211735725402832e-01
7.923426628112792969e-01
-8.301509916782379150e-02
9.259295463562011719e-01
6.567467004060745239e-02
-6.869213581085205078e-01
-7.145937085151672363e-01
7.991701364517211914e-01
1.499475240707397461e-01
6.348761916160583496e-01
3.833782076835632324e-01
2.347678989171981812e-01
-3.633084893226623535e-01
