7.091720104217529297e-01
-7.093074321746826172e-01
-4.143892228603363037e-01
5.437917113304138184e-01
-3.075932264328002930e-01
4.860814809799194336e-01
1.109590604901313782e-01
-3.516866564750671387e-01
-6.170786023139953613e-01
3.968746960163116455e-01
-3.210440576076507568e-01
1.334219872951507568e-01
-3.055320382118225098e-01
-5.720402002334594727e-01
1.571384668350219727e-01
-6.894928812980651855e-01
4.023267030715942383e-01
7.124804854393005371e-01
-4.627760499715805054e-02
7.558609843254089355e-01
5.544118955731391907e-02
6.355823278427124023e-01
-4.620139598846435547e-01
7.289987206459045410e-01
-3.762691020965576172e-01
-6.452776193618774414e-01
2.988636195659637451e-01
3.243933022022247314e-01
-2.277445197105407715e-01
-7.238119244575500488e-01
