-6.659393906593322754e-01
6.513448357582092285e-01
-4.776476323604583740e-01
-5.470488071441650391e-01
4.057737588882446289e-01
-6.532007455825805664e-01
-7.231635600328445435e-02
-1.124939471483230591e-01
3.949891328811645508e-01
-4.714128971099853516e-01
3.389111757278442383e-01
-1.461186707019805908e-01
3.249881267547607422e-01
-1.740132570266723633e-01
-6.969672441482543945e-01
3.938078582286834717e-01
6.535389423370361328e-01
-2.069351822137832642e-01
-5.944827198982238770e-01
6.838912963867187500e-01
5.504705309867858887e-01
-3.477447628974914551e-01
5.261698365211486816e-01
7.791524529457092285e-01
-3.031825721263885498e-01
-1.583718657493591309e-01
3.777546342462301254e-03
-4.471794068813323975e-01
4.863066971302032471e-01
-6.475631594657897949e-01
