-6.339581012725830078e-01
-5.668754577636718750e-01
6.337625384330749512e-01
6.298741102218627930e-01
8.121585845947265625e-01
-3.739177584648132324e-01
4.899315536022186279e-01
-1.644981801509857178e-01
-4.476661980152130127e-02
1.038326263427734375e+00
2.379374355077743530e-01
5.996560454368591309e-01
9.596367180347442627e-02
-2.496514767408370972e-01
5.555925890803337097e-03
2.745214402675628662e-01
-9.878278970718383789e-01
4.666776955127716064e-01
5.586487054824829102e-01
-7.093713283538818359e-01
5.493232011795043945e-01
3.562235534191131592e-01
-7.422360181808471680e-01
-4.391191899776458740e-01
6.959264278411865234e-01
1.676292717456817627e-02
-5.218382477760314941e-01
6.224520206451416016e-01
3.590360283851623535e-01
-5.157278180122375488e-01
