-1.911674141883850098e-01
1.363008469343185425e-01
-7.341114282608032227e-01
7.220512628555297852e-01
5.854351073503494263e-02
-5.518099069595336914e-01
-2.231570333242416382e-02
-5.556182265281677246e-01
-2.723203897476196289e-01
5.946752429008483887e-01
2.339305877685546875e-01
7.957970499992370605e-01
1.578606665134429932e-01
-2.076150178909301758e-01
-7.819172739982604980e-02
-2.059820890426635742e-01
4.255110919475555420e-01
2.752409875392913818e-02
2.757354080677032471e-01
7.653830647468566895e-01
7.622204422950744629e-01
-2.599183917045593262e-01
4.614876210689544678e-01
7.504508495330810547e-01
-8.235892653465270996e-01
8.890009522438049316e-01
2.746577262878417969e-01
-9.801003932952880859e-01
-2.929826378822326660e-01
-8.667104244232177734e-01
