-2.148398160934448242e-01
-7.012872099876403809e-01
4.253816306591033936e-01
5.554773807525634766e-01
4.873049259185791016e-01
-4.626353383064270020e-01
1.485761851072311401e-01
3.216465413570404053e-01
-7.227158546447753906e-01
7.269982695579528809e-01
-8.818827271461486816e-01
3.249565958976745605e-01
7.163133025169372559e-01
1.084955811500549316e+00
-2.784668207168579102e-01
-3.413613140583038330e-01
-5.244116187095642090e-01
3.594990074634552002e-01
-1.200896427035331726e-01
-9.963217973709106445e-01
2.440097630023956299e-01
2.980504930019378662e-01
1.101413130760192871e+00
-7.641530036926269531e-01
7.718642950057983398e-01
8.384469747543334961e-01
9.586784839630126953e-01
5.649428367614746094e-01
8.246508240699768066e-01
6.354149580001831055e-01
