5.875147581100463867e-01
1.110946089029312134e-01
4.933156669139862061e-01
-1.230827867984771729e-01
-5.753743052482604980e-01
-7.930808067321777344e-01
-5.673695802688598633e-01
5.179013013839721680e-01
-5.498712062835693359e-01
3.748696148395538330e-01
-5.429280400276184082e-01
2.053163349628448486e-01
-6.206828951835632324e-01
7.981314659118652344e-01
4.942703247070312500e-01
3.454500436782836914e-01
-9.115750342607498169e-02
1.516269333660602570e-02
6.704457998275756836e-01
-6.196253746747970581e-02
-8.460032939910888672e-01
-2.579220533370971680e-01
-4.791198968887329102e-01
-5.081218481063842773e-01
-3.512992858886718750e-01
7.922840714454650879e-01
-5.748873949050903320e-01
-3.496883064508438110e-02
1.001913428306579590e+00
-2.166937589645385742e-01
