-1.945615001022815704e-02
-3.196064233779907227e-01
-9.994586110115051270e-01
-5.778577327728271484e-01
-7.948643565177917480e-01
2.319667786359786987e-01
-5.858625844120979309e-02
-4.954050481319427490e-02
-5.420494675636291504e-01
-1.217800498008728027e+00
9.772853255271911621e-01
8.654063344001770020e-01
-5.428565144538879395e-01
-1.231369376182556152e+00
7.821651697158813477e-01
3.425991535186767578e-01
6.347057819366455078e-01
-3.922876715660095215e-01
-2.172405272722244263e-01
-2.557965815067291260e-01
-4.625343680381774902e-01
-3.991587087512016296e-02
1.402888894081115723e-01
-2.003151476383209229e-01
-2.968791425228118896e-01
-7.766284942626953125e-01
-1.668057441711425781e-01
5.268127322196960449e-01
-1.024359941482543945e+00
5.496172904968261719e-01
