-5.837682485580444336e-01
6.922029256820678711e-01
4.646142721176147461e-01
2.528238594532012939e-01
-4.523238837718963623e-01
-7.710798382759094238e-01
-6.151618957519531250e-01
-7.233066558837890625e-01
3.917447328567504883e-01
5.712677836418151855e-01
-3.332504928112030029e-01
-2.662780284881591797e-01
6.803724914789199829e-02
3.277314901351928711e-01
-1.104688048362731934e+00
-6.886169314384460449e-01
-3.615047410130500793e-02
-5.881108045578002930e-01
-4.294087886810302734e-01
2.770539224147796631e-01
-3.416366577148437500e-01
3.935977220535278320e-01
-2.053755968809127808e-01
3.569116294384002686e-01
-7.014054059982299805e-01
-8.508992940187454224e-02
2.348442673683166504e-01
5.864195823669433594e-01
-6.475671529769897461e-01
4.477162957191467285e-01
