-6.689943075180053711e-01
-1.485048830509185791e-01
1.090959429740905762e+00
-5.750294327735900879e-01
5.324941873550415039e-01
5.091701149940490723e-01
8.148796558380126953e-01
5.003289580345153809e-01
6.584569066762924194e-02
-2.894694209098815918e-01
2.693912945687770844e-02
-3.583586513996124268e-01
8.376746177673339844e-01
5.446602106094360352e-01
1.117246504873037338e-02
1.992688626050949097e-01
-5.722512602806091309e-01
3.898039162158966064e-01
-3.606987893581390381e-01
6.233006119728088379e-01
-5.858280658721923828e-01
-4.940066039562225342e-01
-4.390820562839508057e-01
1.397252529859542847e-01
6.960930824279785156e-01
-4.413826465606689453e-01
-5.100306868553161621e-01
-3.669706583023071289e-01
-8.408688306808471680e-01
6.373746991157531738e-01
