-8.370219469070434570e-01
-2.319604754447937012e-01
8.816165328025817871e-01
-7.421038746833801270e-01
5.885595083236694336e-01
-2.610385417938232422e-01
-2.110145539045333862e-01
-8.498712629079818726e-02
-4.371529817581176758e-01
7.680940032005310059e-01
4.926287531852722168e-01
-4.260903298854827881e-01
1.125103116035461426e+00
1.220703572034835815e-01
-4.748385548591613770e-01
9.469254016876220703e-01
1.084197878837585449e+00
-1.026570796966552734e+00
6.197507381439208984e-01
9.172869324684143066e-01
3.204819560050964355e-01
-9.010953828692436218e-03
4.808157086372375488e-01
-8.998658061027526855e-01
-2.231360375881195068e-01
5.739854574203491211e-01
-3.520891070365905762e-02
-1.490175127983093262e-01
7.658437639474868774e-02
-4.531637132167816162e-01
