1.814426183700561523e-01
9.180736541748046875e-02
-1.447190940380096436e-01
-3.048904538154602051e-01
6.307706981897354126e-02
2.869514375925064087e-02
-4.387199878692626953e-01
6.167922616004943848e-01
1.940515339374542236e-01
-1.702431440353393555e-01
-3.075020313262939453e-01
4.819148033857345581e-02
-5.030148029327392578e-01
-1.875083297491073608e-01
2.296874970197677612e-01
9.358744323253631592e-02
3.956066966056823730e-01
-2.823868095874786377e-01
1.204373538494110107e-01
1.178346723318099976e-01
-3.387865424156188965e-01
2.366650402545928955e-01
8.830311149358749390e-02
-2.769053280353546143e-01
3.133437037467956543e-01
-5.125991106033325195e-01
-6.044054627418518066e-01
4.560079425573348999e-03
1.203752961009740829e-02
2.188622653484344482e-01
