6.697034239768981934e-01
-6.690752506256103516e-01
-6.983139514923095703e-01
4.088862538337707520e-01
2.893064618110656738e-01
2.045967280864715576e-01
4.428711831569671631e-01
4.316374659538269043e-01
4.060618579387664795e-02
2.057202160358428955e-01
-6.070734262466430664e-01
-3.246203362941741943e-01
7.226144671440124512e-01
5.503566265106201172e-01
-6.527023315429687500e-01
8.162381649017333984e-01
6.579763293266296387e-01
7.562488317489624023e-01
4.808896780014038086e-01
-3.342823386192321777e-01
3.611961603164672852e-01
-5.842970013618469238e-01
5.444705486297607422e-01
-4.725797772407531738e-01
7.538756728172302246e-01
-3.511790037155151367e-01
-3.955398499965667725e-02
4.994229078292846680e-01
3.431545197963714600e-01
-4.895192682743072510e-01
