-1.770074814558029175e-01
-3.837064504623413086e-01
-6.175858527421951294e-02
5.803489591926336288e-03
-1.607424020767211914e-01
-5.241104960441589355e-02
-1.782801188528537750e-02
-3.970203399658203125e-01
-4.289468750357627869e-02
-1.730130612850189209e-01
1.387507766485214233e-01
6.736122369766235352e-01
-1.301020085811614990e-01
3.639320135116577148e-01
-2.067019343376159668e-01
2.257537990808486938e-01
3.856166452169418335e-02
-8.776433467864990234e-01
1.727187931537628174e-01
-2.264731824398040771e-01
2.306989394128322601e-02
4.213034808635711670e-01
2.644792795181274414e-01
-2.174871563911437988e-01
9.893516451120376587e-02
-2.247561961412429810e-01
-1.818685978651046753e-01
1.268914937973022461e-01
-2.591903507709503174e-01
2.640876471996307373e-01
