1.489531099796295166e-01
8.434394598007202148e-01
5.343033075332641602e-01
-9.732139706611633301e-01
-8.490600585937500000e-01
-6.334317326545715332e-01
3.935391902923583984e-01
2.309875041246414185e-01
-6.832081079483032227e-01
-6.700938344001770020e-01
6.072657108306884766e-01
-6.221367716789245605e-01
9.292910248041152954e-02
7.492656707763671875e-01
-8.706253021955490112e-02
-1.523714363574981689e-01
-2.730521932244300842e-02
2.162944972515106201e-01
6.812543421983718872e-02
-1.073625922203063965e+00
4.121868908405303955e-01
-9.217547774314880371e-01
3.064903020858764648e-01
-2.221430540084838867e-01
1.824357807636260986e-01
-4.423847198486328125e-01
9.204431772232055664e-01
-4.780353903770446777e-01
-4.749870002269744873e-01
-1.491896808147430420e-01
