6.303888559341430664e-01
7.834929823875427246e-01
4.692950844764709473e-01
-4.758112728595733643e-01
-5.525968074798583984e-01
3.065382242202758789e-01
-4.084403514862060547e-01
4.671442508697509766e-02
2.656135261058807373e-01
-6.455320715904235840e-01
-1.234278902411460876e-01
3.624653518199920654e-01
3.963899910449981689e-01
4.146214723587036133e-01
-6.187534928321838379e-01
-2.733960375189781189e-02
1.689679175615310669e-01
-3.098611533641815186e-01
-5.176690220832824707e-01
-2.428818345069885254e-01
-2.173481732606887817e-01
-5.351340770721435547e-01
4.232896864414215088e-01
1.455925405025482178e-01
3.321461612358689308e-03
2.059559375047683716e-01
-2.955278158187866211e-01
-6.257314085960388184e-01
3.923833835870027542e-03
4.812130630016326904e-01
