-1.061277091503143311e-01
6.346308588981628418e-01
4.815623164176940918e-01
-7.208824753761291504e-01
6.157737970352172852e-01
3.404813706874847412e-01
-2.792233228683471680e-01
8.201127648353576660e-01
-6.062806025147438049e-02
4.150601923465728760e-01
-8.303423523902893066e-01
-2.923768758773803711e-01
1.627648174762725830e-01
1.822920292615890503e-01
4.993358552455902100e-01
3.141391873359680176e-01
-7.271227836608886719e-01
6.958918571472167969e-01
3.743151426315307617e-01
3.065968453884124756e-01
1.512101739645004272e-01
-3.285609185695648193e-01
5.545694828033447266e-01
-3.917230367660522461e-01
2.007556892931461334e-02
-1.738733500242233276e-01
4.093069434165954590e-01
2.526570558547973633e-01
-6.983245909214019775e-02
-9.920546412467956543e-02
