6.916351616382598877e-02
4.771360456943511963e-01
1.567916721105575562e-01
2.832756340503692627e-01
1.047503575682640076e-01
-2.045956254005432129e-01
-4.801229387521743774e-02
4.964231550693511963e-01
-1.418816740624606609e-03
2.530642226338386536e-02
-3.573610186576843262e-01
-1.007455140352249146e-01
-1.876734197139739990e-01
-2.540683448314666748e-01
-5.206573754549026489e-03
2.201886624097824097e-01
-1.902627497911453247e-01
-2.234029322862625122e-01
3.728368878364562988e-02
-2.966298162937164307e-01
2.485455870628356934e-01
2.753782570362091064e-01
4.057815074920654297e-01
1.036060154438018799e-01
1.902197599411010742e-01
-6.753819063305854797e-03
-6.212762370705604553e-02
2.684479653835296631e-01
2.541386522352695465e-02
-1.350302845239639282e-01
