7.933338880538940430e-01
-7.475230693817138672e-01
-3.740119040012359619e-01
-9.632427096366882324e-01
4.711536169052124023e-01
-6.094186902046203613e-01
-7.406968474388122559e-01
8.652254343032836914e-01
1.034621238708496094e+00
-5.806404352188110352e-01
1.561089139431715012e-02
4.666833579540252686e-01
5.645465850830078125e-01
1.984681338071823120e-01
-7.510396838188171387e-01
5.917993783950805664e-01
5.680954456329345703e-02
-5.444478988647460938e-02
-3.690109774470329285e-02
1.313678771257400513e-01
-5.222705006599426270e-01
1.367286294698715210e-01
2.309916913509368896e-01
1.122409701347351074e+00
-7.933622002601623535e-01
-3.942718207836151123e-01
-6.616867184638977051e-01
1.155942201614379883e+00
-1.809157729148864746e-01
1.031367778778076172e+00
