3.888184204697608948e-02
-3.455801010131835938e-01
1.617353409528732300e-01
3.613918423652648926e-01
-3.218991160392761230e-01
-9.297429025173187256e-02
-3.763050436973571777e-01
4.043907523155212402e-01
9.783512353897094727e-01
-2.757722139358520508e-01
5.397168993949890137e-01
-1.961004734039306641e-02
-4.853428006172180176e-01
-3.052743896842002869e-02
9.438291192054748535e-01
-6.707023829221725464e-02
2.780232429504394531e-01
-3.041365146636962891e-01
4.788666963577270508e-01
7.200362682342529297e-01
6.318714022636413574e-01
4.326002001762390137e-01
2.171997278928756714e-01
4.933873713016510010e-01
1.074300169944763184e+00
-8.668791502714157104e-02
-5.710551738739013672e-01
5.125115513801574707e-01
-8.484233021736145020e-01
-7.289223670959472656e-01
