3.084057867527008057e-01
-3.353581726551055908e-01
-3.597865998744964600e-01
-3.349185287952423096e-01
6.036033034324645996e-01
-5.583078861236572266e-01
1.802480816841125488e-01
-3.006976842880249023e-01
-7.532685250043869019e-02
-2.006572484970092773e-01
-4.073359966278076172e-01
3.060669302940368652e-01
2.301475852727890015e-01
-5.145868062973022461e-01
5.341522097587585449e-01
1.973875463008880615e-01
-5.001120567321777344e-01
6.164581328630447388e-02
5.872099399566650391e-01
2.664334774017333984e-01
4.701904952526092529e-02
-3.388416171073913574e-01
-8.889696002006530762e-02
-2.238463610410690308e-01
1.717161387205123901e-01
4.293729662895202637e-01
-6.486474871635437012e-01
9.427977353334426880e-02
-2.519927322864532471e-01
-4.938933849334716797e-01
