6.541712880134582520e-01
7.779934406280517578e-01
3.764241337776184082e-01
1.063495799899101257e-01
-1.215526223182678223e+00
9.347397685050964355e-01
-5.046508908271789551e-01
1.656226962804794312e-01
1.315962374210357666e-01
-7.862756252288818359e-01
3.973002135753631592e-01
1.694491952657699585e-01
7.736736536026000977e-01
-7.262139320373535156e-01
8.713929057121276855e-01
-2.906792759895324707e-01
2.926982641220092773e-01
-3.946780860424041748e-01
-5.783771276473999023e-01
6.988595724105834961e-01
5.575632452964782715e-01
6.632452607154846191e-01
-6.346458792686462402e-01
-1.017906546592712402e+00
-4.684871435165405273e-01
2.269091457128524780e-01
3.290146887302398682e-01
-8.188295960426330566e-01
1.053765535354614258e+00
-8.113267421722412109e-01
