1.028158143162727356e-02
4.095351397991180420e-01
5.810181498527526855e-01
-4.798187315464019775e-01
-2.643797993659973145e-01
-4.035880565643310547e-01
-2.677495479583740234e-01
3.678415417671203613e-01
3.339783847332000732e-01
-6.732019186019897461e-01
-8.460413664579391479e-02
5.804673582315444946e-02
1.645803265273571014e-02
3.817762434482574463e-01
1.116634830832481384e-01
6.612970232963562012e-01
-9.772028028964996338e-02
3.669614493846893311e-01
-2.942157089710235596e-01
-6.530582308769226074e-01
4.900764822959899902e-01
5.200968384742736816e-01
3.824166059494018555e-01
1.030221343040466309e+00
-8.018558621406555176e-01
4.692181479185819626e-03
3.643424212932586670e-01
4.401300475001335144e-02
4.644866585731506348e-01
4.872665926814079285e-02
