-2.692066133022308350e-01
-2.448123395442962646e-01
3.253642618656158447e-01
-9.387254118919372559e-01
-8.697839975357055664e-01
-5.021705031394958496e-01
-4.257792532444000244e-01
9.260196685791015625e-01
3.504323065280914307e-01
3.560800254344940186e-01
-3.650741279125213623e-01
-3.698514699935913086e-01
-4.664176106452941895e-01
5.493350625038146973e-01
-6.189681291580200195e-01
-4.686608016490936279e-01
1.677072644233703613e-01
4.076877236366271973e-01
-8.972296118736267090e-01
1.275108754634857178e-01
-2.795147001743316650e-01
4.306805133819580078e-01
2.072924971580505371e-01
-9.667458534240722656e-01
-1.657108068466186523e-01
-1.332152605056762695e+00
-8.430914878845214844e-01
-4.386021941900253296e-02
5.295936465263366699e-01
-9.997040033340454102e-02
