-2.728902995586395264e-01
8.299402594566345215e-01
2.282008975744247437e-01
3.259956836700439453e-01
3.151550889015197754e-02
6.037998795509338379e-01
3.572109639644622803e-01
3.412500619888305664e-01
9.281570315361022949e-01
-5.264930129051208496e-01
-1.367864608764648438e-01
7.270529866218566895e-01
-2.899172902107238770e-01
-1.983691379427909851e-02
4.217273592948913574e-01
6.011423468589782715e-01
1.036979109048843384e-01
-1.978597790002822876e-01
4.715753495693206787e-01
9.365213513374328613e-01
-1.848270446062088013e-01
4.391125440597534180e-01
-4.031003713607788086e-01
-3.481029570102691650e-01
-1.720260977745056152e-01
7.547266781330108643e-02
5.991458892822265625e-01
2.115751653909683228e-01
-2.565222084522247314e-01
-1.777862161397933960e-01
