-6.481453776359558105e-02
3.846733868122100830e-01
3.316769301891326904e-01
6.703027486801147461e-01
4.858856201171875000e-01
7.232784479856491089e-02
-3.227833211421966553e-01
3.582414388656616211e-01
5.689569711685180664e-01
5.341297388076782227e-01
5.066819190979003906e-01
-5.785320401191711426e-01
2.301435023546218872e-01
-1.981373429298400879e-01
4.976343810558319092e-01
3.946350812911987305e-01
-6.211247444152832031e-01
-3.945203125476837158e-01
4.469831585884094238e-01
6.447431445121765137e-01
2.225432991981506348e-01
-1.717467904090881348e-01
9.611096233129501343e-03
-4.550153315067291260e-01
-1.306485980749130249e-01
3.997882008552551270e-01
-7.384704798460006714e-02
1.763184666633605957e-01
4.211879670619964600e-01
-2.777560949325561523e-01
