-8.023715019226074219e-02
-4.003900885581970215e-01
9.987896680831909180e-02
4.076576232910156250e-01
-4.887993633747100830e-01
1.241689994931221008e-01
-2.735560238361358643e-01
3.000302612781524658e-01
-3.011394441127777100e-01
-1.809118688106536865e-01
1.272558271884918213e-01
3.067383170127868652e-01
3.188525438308715820e-01
-5.183437466621398926e-01
-4.309994578361511230e-01
5.725123882293701172e-01
4.339966177940368652e-01
-2.865944802761077881e-01
2.245502471923828125e-01
4.520672857761383057e-01
5.350720882415771484e-01
-4.023303985595703125e-01
-4.768185317516326904e-01
-1.791161894798278809e-01
3.719324171543121338e-01
7.284340262413024902e-02
5.159678459167480469e-01
4.018915593624114990e-01
1.472843587398529053e-01
-2.304996550083160400e-01
