8.037389814853668213e-02
2.269045263528823853e-01
-2.003199607133865356e-01
-1.482715010643005371e-01
1.806973069906234741e-01
3.180504143238067627e-01
3.326136767864227295e-01
2.004619389772415161e-01
2.458777427673339844e-01
7.349716871976852417e-02
2.801280915737152100e-01
1.161557957530021667e-01
2.534738779067993164e-01
2.855944931507110596e-01
1.534525454044342041e-01
-2.237921208143234253e-01
-9.379857033491134644e-02
-5.213093757629394531e-01
2.797507643699645996e-01
2.997998893260955811e-01
-1.836909353733062744e-01
-1.999564766883850098e-01
7.128115743398666382e-02
2.145393937826156616e-01
5.005474016070365906e-02
1.839568912982940674e-01
4.373135268688201904e-01
3.457020521163940430e-01
2.359982728958129883e-01
-2.721444964408874512e-01
