-9.811379760503768921e-02
-4.128140211105346680e-01
-3.401835560798645020e-01
-4.182254374027252197e-01
5.234390497207641602e-01
-5.408089160919189453e-01
-3.581608831882476807e-01
-1.304711252450942993e-01
-8.066667914390563965e-01
4.293396472930908203e-01
1.074002385139465332e+00
-3.574355840682983398e-01
3.773355484008789062e-01
6.747546195983886719e-01
2.607445120811462402e-01
-4.948201775550842285e-01
4.665437638759613037e-01
9.299237728118896484e-01
-3.979129791259765625e-01
-1.026738047599792480e+00
-6.541641950607299805e-01
4.789906740188598633e-01
5.017005205154418945e-01
2.779926359653472900e-01
3.877459466457366943e-01
7.719082832336425781e-01
-5.864067673683166504e-01
-5.526755452156066895e-01
5.223196148872375488e-01
-4.471019804477691650e-01
