2.142425477504730225e-01
-4.208821952342987061e-01
2.756356298923492432e-01
3.191462755203247070e-01
-3.954239785671234131e-01
1.619312167167663574e-01
-5.652638077735900879e-01
1.012948155403137207e-01
4.996609389781951904e-01
-2.932623624801635742e-01
-2.825227938592433929e-02
5.296904444694519043e-01
1.773866415023803711e-01
3.185447454452514648e-01
-1.275861561298370361e-01
-5.144317150115966797e-01
-3.090732693672180176e-01
-3.039866685867309570e-01
2.245935201644897461e-01
-5.330713093280792236e-02
2.873179912567138672e-01
4.727193117141723633e-01
2.312118560075759888e-01
7.115813493728637695e-01
5.034264326095581055e-01
3.992586433887481689e-01
1.860269308090209961e-01
-5.303457379341125488e-01
-3.408479690551757812e-01
-1.652311533689498901e-01
