2.186711430549621582e-01
-7.583747059106826782e-02
5.257331132888793945e-01
6.471987962722778320e-01
8.204501271247863770e-01
-5.725839734077453613e-01
-5.103017687797546387e-01
3.826803267002105713e-01
3.503961563110351562e-01
2.440599054098129272e-01
-9.113159030675888062e-02
5.790804028511047363e-01
-6.689925193786621094e-01
-1.161365389823913574e+00
-2.120137959718704224e-01
-8.074310421943664551e-01
-8.053008913993835449e-01
6.418152451515197754e-01
-4.667158126831054688e-01
-4.794351458549499512e-01
1.332673728466033936e-01
3.993287682533264160e-01
-1.116542592644691467e-01
7.990720868110656738e-02
2.488754242658615112e-01
-2.135226875543594360e-01
3.048012256622314453e-01
6.518399119377136230e-01
5.243607163429260254e-01
8.473344445228576660e-01
