1.200437992811203003e-01
-2.470686137676239014e-01
1.420940160751342773e-01
-3.053458034992218018e-01
7.326940894126892090e-01
-5.106057971715927124e-02
-1.609428226947784424e-01
-5.234434604644775391e-01
3.939099237322807312e-02
5.154730081558227539e-01
-4.829802215099334717e-01
-2.667537331581115723e-01
8.638918995857238770e-01
-2.053237855434417725e-01
3.536189198493957520e-01
-1.253288239240646362e-01
2.901820242404937744e-01
-1.026968704536557198e-03
2.130224108695983887e-01
6.059601306915283203e-01
1.041770219802856445e+00
-2.207301706075668335e-01
1.486881636083126068e-02
-4.256350994110107422e-01
-1.882165968418121338e-01
3.707939386367797852e-01
4.023919999599456787e-01
3.513244986534118652e-01
-5.653344988822937012e-01
-3.205206990242004395e-01
