2.988028526306152344e-01
-1.095362976193428040e-01
-5.619941651821136475e-02
-7.324385046958923340e-01
-9.240597486495971680e-02
-3.376687765121459961e-01
-3.294654488563537598e-01
8.909040689468383789e-01
-1.765145808458328247e-01
3.365443348884582520e-01
6.144932508468627930e-01
5.253018736839294434e-01
3.990872502326965332e-01
-4.633940160274505615e-01
3.977898359298706055e-01
-5.665582418441772461e-01
6.151417493820190430e-01
-4.940475225448608398e-01
-3.334360122680664062e-01
5.138952732086181641e-01
-2.303387522697448730e-01
-2.506565749645233154e-01
2.553725242614746094e-01
-2.044357508420944214e-01
-3.084887266159057617e-01
1.037574887275695801e+00
-1.791358590126037598e-01
6.232732906937599182e-03
-2.520504891872406006e-01
-1.763062477111816406e-01
