-2.660415768623352051e-01
-6.705613136291503906e-01
3.223771154880523682e-01
5.295467749238014221e-02
4.690738320350646973e-01
2.812398672103881836e-01
1.063703745603561401e-02
-6.554488837718963623e-02
1.368944197893142700e-01
8.869992196559906006e-02
-1.277314275503158569e-01
2.336412221193313599e-01
1.178786531090736389e-01
1.896424144506454468e-01
-3.674057424068450928e-01
-8.786162734031677246e-02
9.598869085311889648e-02
1.596415936946868896e-01
5.738976970314979553e-02
5.530784651637077332e-02
-9.068359434604644775e-02
-5.826435089111328125e-01
-4.293655753135681152e-01
2.321433573961257935e-01
-6.951155066490173340e-01
-1.347117722034454346e-01
-2.193922922015190125e-02
-3.276232779026031494e-01
-5.130008235573768616e-02
2.921620607376098633e-01
