-4.760529696941375732e-01
4.247045218944549561e-01
-3.513576388359069824e-01
-1.065453812479972839e-01
1.038671433925628662e-01
8.565438985824584961e-01
1.613317281007766724e-01
-1.780091822147369385e-01
2.526563107967376709e-01
3.360190689563751221e-01
-5.794508457183837891e-01
-3.667409420013427734e-01
-1.464383751153945923e-01
-7.087999582290649414e-01
2.382678836584091187e-01
-3.285371363162994385e-01
-4.034418165683746338e-01
-6.569611281156539917e-02
-9.915730953216552734e-01
-6.331297755241394043e-01
4.476594924926757812e-01
-7.432622313499450684e-01
-5.222865343093872070e-01
-1.945204585790634155e-01
-5.834500789642333984e-01
4.587060809135437012e-01
-4.299384057521820068e-01
-8.393329381942749023e-02
5.412285327911376953e-01
-5.961288139224052429e-02
