-5.168802738189697266e-01
4.686104655265808105e-01
-5.921943485736846924e-02
-6.546060442924499512e-01
3.624117672443389893e-01
-4.333342611789703369e-01
1.680884510278701782e-01
5.297348499298095703e-01
3.749668896198272705e-01
5.699642896652221680e-01
-3.940699398517608643e-01
1.086251616477966309e+00
1.151946336030960083e-01
-2.627961039543151855e-01
3.670643270015716553e-01
6.022712215781211853e-03
2.653604447841644287e-01
3.182721436023712158e-01
4.491639733314514160e-01
-2.928299009799957275e-01
-2.720414102077484131e-02
-1.840166449546813965e-01
-6.120882034301757812e-01
5.705059170722961426e-01
-6.253672242164611816e-01
3.735177218914031982e-01
3.301426172256469727e-01
2.204150557518005371e-01
-2.865440845489501953e-01
-5.090914368629455566e-01
