2.348989248275756836e-01
-8.408235907554626465e-01
-1.478853374719619751e-01
9.901552796363830566e-01
8.091466426849365234e-01
-2.564667761325836182e-01
-4.132029712200164795e-01
-5.454965233802795410e-01
7.764870524406433105e-01
-1.280243247747421265e-01
-2.493025809526443481e-01
-4.897586703300476074e-01
-8.213632106781005859e-01
-5.411700606346130371e-01
-5.278444886207580566e-01
1.972014270722866058e-02
4.377822577953338623e-01
-7.915427684783935547e-01
6.939749121665954590e-01
1.129874587059020996e-01
6.941324472427368164e-01
-4.974122643470764160e-01
5.601326227188110352e-01
1.184629946947097778e-01
-3.031549453735351562e-01
6.604982018470764160e-01
-3.484591245651245117e-01
5.002534985542297363e-01
6.871633697301149368e-03
-4.195059239864349365e-01
