-3.543064594268798828e-01
-1.269886493682861328e-01
1.217984035611152649e-01
-5.351970195770263672e-01
-6.808453202247619629e-01
3.094107843935489655e-02
1.365893483161926270e-01
5.979534387588500977e-01
7.740818262100219727e-01
-8.337365835905075073e-02
-2.271201014518737793e-01
-2.296162098646163940e-01
5.184867382049560547e-01
-5.182949304580688477e-01
3.103064298629760742e-01
2.520720064640045166e-01
-3.199211061000823975e-01
-3.182255625724792480e-01
8.563716709613800049e-02
-5.323309302330017090e-01
2.712632119655609131e-01
3.556616306304931641e-01
1.295335739850997925e-01
2.322460711002349854e-01
-7.184453606605529785e-01
-7.281440496444702148e-01
-5.654296278953552246e-01
2.220777869224548340e-01
-5.752778649330139160e-01
-1.848199218511581421e-01
