4.520909488201141357e-01
-3.814898729324340820e-01
-5.953085422515869141e-01
4.090133309364318848e-01
-3.974448442459106445e-01
-4.956076741218566895e-01
-4.265313446521759033e-01
-3.629049658775329590e-01
-9.304187893867492676e-01
-3.787748813629150391e-01
-1.879142969846725464e-01
1.101467251777648926e+00
-2.666237950325012207e-01
3.815182447433471680e-01
-4.621849954128265381e-01
-5.941682457923889160e-01
2.828932702541351318e-01
-5.504422187805175781e-01
-6.229810714721679688e-01
7.314163446426391602e-01
-1.586546450853347778e-01
7.476284503936767578e-01
-3.976069390773773193e-01
3.478823602199554443e-01
1.183661967515945435e-01
-8.514024615287780762e-01
3.274345695972442627e-01
-4.867190122604370117e-01
-4.110069274902343750e-01
8.253784775733947754e-01
