-4.064726531505584717e-01
3.498295247554779053e-01
1.564443230628967285e+00
-2.716656625270843506e-01
-6.550254821777343750e-01
-7.662860155105590820e-01
-4.302206337451934814e-01
9.900297224521636963e-02
5.950737595558166504e-01
9.238072037696838379e-01
-5.441369414329528809e-01
7.982185482978820801e-01
5.212163925170898438e-02
6.330358982086181641e-01
-4.875373840332031250e-01
1.125014573335647583e-01
5.433881878852844238e-01
7.691789418458938599e-02
2.872639000415802002e-01
-6.634241342544555664e-01
1.031780600547790527e+00
4.332906603813171387e-01
1.082226485013961792e-01
1.109419584274291992e+00
4.862088263034820557e-01
9.637571573257446289e-01
-6.113530993461608887e-01
-3.318560421466827393e-01
-5.697777867317199707e-01
7.800376415252685547e-01
