4.253821074962615967e-01
1.951423436403274536e-01
1.754913777112960815e-01
-2.347609102725982666e-01
-6.333789229393005371e-02
4.728542268276214600e-01
2.295120209455490112e-01
2.358014136552810669e-01
-8.899016678333282471e-02
-4.071357846260070801e-01
-1.411193609237670898e-01
6.503573656082153320e-01
6.968789696693420410e-01
-2.497021257877349854e-01
1.812505275011062622e-01
-6.415543556213378906e-01
-1.659592241048812866e-01
1.086961850523948669e-01
-4.221146553754806519e-02
-3.589056432247161865e-01
-3.709501624107360840e-01
-2.847160696983337402e-01
4.234080016613006592e-02
4.207233786582946777e-01
-2.098872363567352295e-01
7.106916904449462891e-01
2.942382395267486572e-01
1.238692030310630798e-01
-1.189724504947662354e-01
-1.903237402439117432e-02
