8.426392823457717896e-02
2.801383733749389648e-01
-3.051463961601257324e-01
2.718812525272369385e-01
2.332928627729415894e-01
4.252714812755584717e-01
2.162391990423202515e-01
1.578699499368667603e-01
-1.245962157845497131e-01
-7.284644246101379395e-01
1.085873618721961975e-01
3.158946633338928223e-01
-3.682895600795745850e-01
-6.485886126756668091e-02
2.371840476989746094e-01
-4.208111464977264404e-01
-1.404337733983993530e-01
5.642334222793579102e-01
-2.683263719081878662e-01
-1.369043588638305664e-01
-1.634503751993179321e-01
-4.220705032348632812e-01
-1.424347050487995148e-02
-5.154324769973754883e-01
7.206574082374572754e-01
1.341785490512847900e-01
2.160737067461013794e-01
9.023940190672874451e-03
-2.645623385906219482e-01
-2.396791130304336548e-01
