6.574399471282958984e-01
-9.642488360404968262e-01
-1.776220351457595825e-01
-4.132568240165710449e-01
8.141026496887207031e-01
-4.167901873588562012e-01
1.924372613430023193e-01
-4.101278185844421387e-01
7.518743872642517090e-01
6.216904520988464355e-01
-3.802864551544189453e-01
3.352708518505096436e-01
5.365164279937744141e-01
-2.576040029525756836e-01
9.236326813697814941e-01
1.714899688959121704e-01
9.625604748725891113e-02
-3.008162975311279297e-01
4.105752110481262207e-01
-9.125745296478271484e-01
4.378921091556549072e-01
4.302392303943634033e-01
9.115408062934875488e-01
-3.908233344554901123e-01
-2.771962583065032959e-01
5.240698158740997314e-02
6.750371456146240234e-01
3.589868545532226562e-01
-5.997530221939086914e-01
-6.230470538139343262e-02
