2.033780664205551147e-01
7.361973524093627930e-01
1.731333285570144653e-01
2.665377557277679443e-01
2.843649685382843018e-01
-3.362942114472389221e-02
1.410972625017166138e-01
-1.776143610477447510e-01
1.646551489830017090e-01
3.391973972320556641e-01
2.325605154037475586e-01
-9.423206001520156860e-02
-3.951966166496276855e-01
2.691654115915298462e-02
2.671815156936645508e-01
-5.583497881889343262e-01
2.451384663581848145e-01
-3.781350851058959961e-01
3.091052770614624023e-01
-3.438773453235626221e-01
-3.340376019477844238e-01
4.994201958179473877e-01
-1.696741729974746704e-01
-1.260649692267179489e-02
-1.970897912979125977e-01
-1.071829199790954590e-01
9.098996222019195557e-02
2.534452378749847412e-01
5.692481398582458496e-01
2.539708018302917480e-01
