7.473127245903015137e-01
2.248101979494094849e-01
-1.712820082902908325e-01
-5.714070796966552734e-01
-2.712576687335968018e-01
6.409227252006530762e-01
-1.426209211349487305e-01
-1.148463785648345947e-01
-2.906904816627502441e-01
-3.080081641674041748e-01
4.598525762557983398e-01
-8.906295895576477051e-01
1.100373625755310059e+00
-3.853002190589904785e-01
1.329675465822219849e-01
7.049909830093383789e-01
-4.266170561313629150e-01
-1.256487846374511719e+00
5.359120368957519531e-01
1.089655756950378418e+00
-1.295360624790191650e-01
8.402596414089202881e-02
-3.890311717987060547e-01
-8.969029784202575684e-02
7.712816596031188965e-01
-8.153356909751892090e-01
-6.109969019889831543e-01
1.536612063646316528e-01
-6.124388054013252258e-02
5.687397718429565430e-01
