7.241905331611633301e-01
-7.742047309875488281e-02
6.994873285293579102e-01
9.707424640655517578e-01
-5.113807320594787598e-01
4.039061367511749268e-01
2.044500317424535751e-03
-2.942711114883422852e-01
-5.412079095840454102e-01
4.120938479900360107e-01
-2.154942154884338379e-01
6.800086498260498047e-01
-3.362986445426940918e-01
-8.677171468734741211e-01
8.051619529724121094e-01
-4.512045383453369141e-01
-7.962760925292968750e-01
3.732191324234008789e-01
-4.958271682262420654e-01
8.596529364585876465e-01
8.622877001762390137e-01
4.542235434055328369e-01
-1.577712595462799072e-01
-4.960847198963165283e-01
1.469342112541198730e-01
2.737658619880676270e-01
-6.776485443115234375e-01
3.602195978164672852e-01
-2.904617786407470703e-01
-4.537029564380645752e-01
