-4.553758502006530762e-01
-1.291414797306060791e-01
-6.316398978233337402e-01
1.638061106204986572e-01
2.733872532844543457e-01
-3.674922883510589600e-01
4.490379989147186279e-01
3.130418062210083008e-01
2.212154418230056763e-01
5.619193241000175476e-02
6.886270046234130859e-01
1.856323890388011932e-02
3.111167438328266144e-02
6.514761447906494141e-01
8.001275658607482910e-01
-1.954426765441894531e-01
1.989915072917938232e-01
9.471546113491058350e-02
2.574098408222198486e-01
2.235332727432250977e-01
4.957712888717651367e-01
-1.894089728593826294e-01
-7.012287378311157227e-01
7.231891155242919922e-01
-7.528795301914215088e-02
-6.922782212495803833e-02
2.788165807723999023e-01
3.509423136711120605e-01
-6.771946698427200317e-02
4.009986817836761475e-01
