3.324948847293853760e-01
-2.289610542356967926e-02
-2.678386680781841278e-02
2.949804365634918213e-01
-3.404184579849243164e-01
-2.666776478290557861e-01
-2.447476387023925781e-01
6.773416399955749512e-01
-1.839091479778289795e-01
3.006880879402160645e-01
2.419118881225585938e-01
-2.961992621421813965e-01
5.832349061965942383e-01
6.714595556259155273e-01
-1.564372517168521881e-02
6.747305989265441895e-01
-2.406268268823623657e-01
-3.398115634918212891e-01
-3.618183135986328125e-01
1.003032922744750977e+00
-3.257058262825012207e-01
-5.184245109558105469e-01
4.860925674438476562e-01
1.826387345790863037e-01
-2.006849646568298340e-01
3.140659034252166748e-01
-6.932406127452850342e-02
3.104951232671737671e-02
-1.139022946357727051e+00
4.617402553558349609e-01
