-6.738693714141845703e-01
4.070422146469354630e-03
-5.363003611564636230e-01
5.967022478580474854e-02
-1.046056032180786133e+00
-3.975849449634552002e-01
6.202961802482604980e-01
4.710843563079833984e-01
-1.706083863973617554e-01
-6.319463253021240234e-01
-3.910047113895416260e-01
8.105394840240478516e-01
-8.679768443107604980e-01
-4.023767411708831787e-01
-4.218658804893493652e-01
-4.661144912242889404e-01
4.131098985671997070e-01
-1.450665742158889771e-01
-1.027701571583747864e-01
-6.558616161346435547e-01
-1.807362139225006104e-01
-7.252984642982482910e-01
-7.627320885658264160e-01
4.483371227979660034e-02
6.817808747291564941e-01
-9.112391620874404907e-02
2.410077601671218872e-01
3.517047315835952759e-02
-9.103761911392211914e-01
2.676981091499328613e-01
