-2.963551282882690430e-01
-5.510596036911010742e-01
9.734623432159423828e-01
-1.179236888885498047e+00
4.595085084438323975e-01
-8.430266380310058594e-01
4.283669292926788330e-01
-4.463824927806854248e-01
-3.985185921192169189e-02
4.740277230739593506e-01
3.434690237045288086e-01
-7.554738521575927734e-01
3.035581707954406738e-01
9.227332472801208496e-02
-1.188705682754516602e+00
-2.526857256889343262e-01
-9.489330053329467773e-01
8.080885410308837891e-01
-5.569982528686523438e-01
-4.588944315910339355e-01
3.019608259201049805e-01
-7.198296189308166504e-01
-6.245696544647216797e-01
-5.711020231246948242e-01
-2.940620183944702148e-01
-4.610387384891510010e-01
-1.023379683494567871e+00
3.061953485012054443e-01
4.425880908966064453e-01
-6.063022017478942871e-01
