-2.508178353309631348e-01
-1.772461086511611938e-02
-2.063716500997543335e-01
3.562705218791961670e-01
-6.371518373489379883e-01
1.878681182861328125e-01
-1.696700304746627808e-01
1.067082583904266357e-01
-3.436438739299774170e-03
-3.219479694962501526e-02
3.900159895420074463e-01
5.675442814826965332e-01
6.983263492584228516e-01
4.100294113159179688e-01
3.521668612957000732e-01
-3.494871854782104492e-01
-3.447510600090026855e-01
-2.958361618220806122e-02
-1.909612268209457397e-01
-1.921636015176773071e-01
3.249504566192626953e-01
-2.212062478065490723e-01
-1.576877236366271973e-01
-2.993286550045013428e-01
-5.628240704536437988e-01
2.284990251064300537e-01
-1.788505613803863525e-01
2.166085243225097656e-01
-3.615041673183441162e-01
-2.179881930351257324e-01
