1.111459061503410339e-01
3.256972432136535645e-01
3.611134290695190430e-01
4.765648543834686279e-01
6.259466409683227539e-01
2.521387040615081787e-01
-2.796856164932250977e-01
3.262491524219512939e-01
2.986451089382171631e-01
4.495007693767547607e-01
-2.316666245460510254e-01
-3.076489316299557686e-03
-2.916222214698791504e-01
6.888759732246398926e-01
-5.962187796831130981e-02
5.029476284980773926e-01
-1.358489841222763062e-01
1.964126080274581909e-01
-2.920655012130737305e-01
-3.644988238811492920e-01
3.038520226255059242e-04
-1.519496459513902664e-02
1.071746349334716797e-01
-1.878637373447418213e-01
-3.411450982093811035e-01
1.105595007538795471e-01
3.932386264204978943e-02
4.618932604789733887e-01
-1.810531020164489746e-01
-1.161781996488571167e-01
