7.233746051788330078e-01
-1.063826307654380798e-01
-1.357419043779373169e-01
6.358242630958557129e-01
5.114045143127441406e-01
5.295218825340270996e-01
2.148987948894500732e-01
-5.418373346328735352e-01
-1.746810972690582275e-01
9.883496165275573730e-02
-8.645136356353759766e-01
3.748351037502288818e-01
-3.847252726554870605e-01
-5.227565765380859375e-01
-8.960925340652465820e-01
2.514612078666687012e-01
-7.025634050369262695e-01
-1.979812383651733398e-01
-1.316535621881484985e-01
8.611152768135070801e-01
5.903295874595642090e-01
-4.413185119628906250e-01
-1.048883438110351562e+00
-2.923855483531951904e-01
6.638951301574707031e-01
-5.681274533271789551e-01
-3.493928611278533936e-01
-3.362776935100555420e-01
-2.184695303440093994e-01
-3.126060664653778076e-01
