-7.142655849456787109e-01
4.585861265659332275e-01
-7.456231117248535156e-01
-7.512819170951843262e-01
-3.127453923225402832e-01
8.798574209213256836e-01
-5.016937851905822754e-01
-4.863157570362091064e-01
1.468731909990310669e-01
3.434638977050781250e-01
-1.402887701988220215e-01
3.980168700218200684e-02
-6.792165804654359818e-03
1.157206654548645020e+00
-1.231375485658645630e-01
-6.600796580314636230e-01
6.439167261123657227e-01
-3.504367172718048096e-01
-2.958942651748657227e-01
4.874474406242370605e-01
7.037653923034667969e-01
-1.150137066841125488e+00
7.902260422706604004e-01
4.276419579982757568e-01
1.073611080646514893e-01
-8.277386426925659180e-01
-1.187049269676208496e+00
-2.875683307647705078e-01
-4.290224015712738037e-01
4.044087529182434082e-01
