-3.881036639213562012e-01
-1.616407185792922974e-02
-1.369470953941345215e+00
-5.604973435401916504e-02
-6.692657470703125000e-01
2.432751506567001343e-01
-3.442887067794799805e-01
-5.137708187103271484e-01
1.108706235885620117e+00
1.993921250104904175e-01
-7.724014520645141602e-01
-3.916043937206268311e-01
-4.825311601161956787e-01
-5.575494766235351562e-01
5.783694386482238770e-01
-9.010913968086242676e-01
-7.466286420822143555e-01
4.633356034755706787e-01
7.374344468116760254e-01
7.312980294227600098e-02
-6.851080060005187988e-01
-1.582837253808975220e-01
3.667809367179870605e-01
2.382148802280426025e-02
5.492508411407470703e-02
-2.330980300903320312e-01
8.366279304027557373e-02
-3.805033117532730103e-02
4.848648011684417725e-01
-2.400742769241333008e-01
