-1.901898384094238281e-01
3.435755670070648193e-01
1.334061175584793091e-01
-4.201224446296691895e-02
3.158250823616981506e-02
-2.112945169210433960e-01
6.169540882110595703e-01
7.018691897392272949e-01
-6.551463603973388672e-01
7.298371791839599609e-01
-2.382595390081405640e-01
-4.316741526126861572e-01
4.439141750335693359e-01
3.824010789394378662e-01
2.173686176538467407e-01
4.792322814464569092e-01
1.060648083686828613e+00
-2.568524479866027832e-01
4.367286711931228638e-02
-6.379843354225158691e-01
-3.955634236335754395e-01
-2.980926036834716797e-01
2.308457344770431519e-01
3.646102249622344971e-01
-6.722915768623352051e-01
-4.240106940269470215e-01
-2.921807765960693359e-01
-2.403897345066070557e-01
-2.525746822357177734e-01
-8.826320767402648926e-01
