1.876550614833831787e-01
7.641310095787048340e-01
-6.798477172851562500e-01
-7.228288054466247559e-01
-2.313956022262573242e-01
6.419355273246765137e-01
3.521380722522735596e-01
-3.828257322311401367e-01
4.946941733360290527e-01
3.975313603878021240e-01
-2.517094314098358154e-01
-4.108233377337455750e-02
4.259943589568138123e-02
4.088583886623382568e-01
-3.881217241287231445e-01
3.619020581245422363e-01
-5.752807855606079102e-01
-6.736547350883483887e-01
1.725112646818161011e-02
4.331896305084228516e-01
7.954372167587280273e-01
6.887578368186950684e-01
6.035354137420654297e-01
4.569047987461090088e-01
-3.108290731906890869e-01
4.736522734165191650e-01
1.210263222455978394e-01
3.060599267482757568e-01
-6.185885667800903320e-01
-2.959917783737182617e-01
