6.129171848297119141e-01
-4.089688062667846680e-01
2.260383963584899902e-01
-3.822863399982452393e-01
-4.670929312705993652e-01
5.459623336791992188e-01
-1.812960505485534668e-01
2.774850726127624512e-01
-3.230336904525756836e-01
6.838056445121765137e-01
5.923095345497131348e-01
-8.219136595726013184e-01
6.748027801513671875e-01
2.987655401229858398e-01
-1.121070146560668945e+00
4.144702255725860596e-01
-7.402273416519165039e-01
5.915389060974121094e-01
-8.994016796350479126e-02
-2.890558838844299316e-01
1.404603481292724609e+00
-7.097385525703430176e-01
-3.159648180007934570e-01
-4.686026871204376221e-01
-4.547647833824157715e-01
-5.766044259071350098e-01
-5.668433904647827148e-01
-5.085501074790954590e-01
7.649920582771301270e-01
-2.559663355350494385e-01
