3.898642361164093018e-01
4.640552103519439697e-01
-4.733188450336456299e-02
-2.230227887630462646e-01
7.408978939056396484e-01
1.597753167152404785e-02
-2.898983657360076904e-01
-2.505930066108703613e-01
-1.852515041828155518e-01
-4.233899712562561035e-01
-2.834971249103546143e-01
-3.606784343719482422e-01
-4.259996414184570312e-01
6.806618571281433105e-01
5.352298617362976074e-01
7.360333204269409180e-01
-5.800338387489318848e-01
1.213728040456771851e-01
1.000294446945190430e+00
8.879626989364624023e-01
7.721367478370666504e-01
8.654942512512207031e-01
1.012717485427856445e+00
-2.645112946629524231e-02
-7.611176967620849609e-01
1.089544773101806641e+00
4.966696202754974365e-01
1.208869338035583496e+00
-7.010452151298522949e-01
-1.468254923820495605e-01
