1.371440291404724121e-01
-3.969299793243408203e-01
1.964201033115386963e-01
-2.964281141757965088e-01
4.347173571586608887e-01
-8.709960617125034332e-03
-4.959705770015716553e-01
4.339784681797027588e-01
7.331058979034423828e-01
-4.148757457733154297e-01
-6.408708095550537109e-01
-1.213826179504394531e+00
-2.038873285055160522e-01
-2.677342295646667480e-01
-8.134747147560119629e-01
7.544890642166137695e-01
2.022836506366729736e-01
-1.605080068111419678e-01
-2.633021771907806396e-01
7.901857495307922363e-01
3.330667912960052490e-01
-3.754814863204956055e-01
-2.975659370422363281e-01
3.450176119804382324e-01
-3.797425031661987305e-01
-6.160901784896850586e-01
1.560813747346401215e-02
-3.081487715244293213e-01
-1.835422664880752563e-01
1.065505519509315491e-01
