-2.362535595893859863e-01
-3.978981375694274902e-01
1.446450799703598022e-01
-4.909225106239318848e-01
4.463788568973541260e-01
-7.735392451286315918e-02
-5.041687488555908203e-01
-2.834312617778778076e-01
-3.132554888725280762e-01
2.891095876693725586e-01
-5.985679626464843750e-01
-4.377257227897644043e-01
-2.016937136650085449e-01
3.901344165205955505e-02
-2.146484330296516418e-04
-7.869247198104858398e-01
-5.570349097251892090e-01
3.932752907276153564e-01
6.548925042152404785e-01
4.977749288082122803e-02
2.810749709606170654e-01
-3.163810968399047852e-01
-3.216059505939483643e-01
-8.745566606521606445e-01
-7.734179496765136719e-02
3.885900974273681641e-01
-4.184014201164245605e-01
2.701765894889831543e-01
2.093900293111801147e-01
-2.453910261392593384e-01
