-1.914781518280506134e-02
-3.446482717990875244e-01
4.182958900928497314e-01
-4.014551043510437012e-01
-5.677739977836608887e-01
2.639607787132263184e-01
3.572030365467071533e-01
-1.057806462049484253e-01
6.434113383293151855e-01
-9.139242768287658691e-02
-1.066994667053222656e-02
-1.792573928833007812e-01
-4.875724017620086670e-01
-3.847675025463104248e-01
5.747848749160766602e-01
3.674313426017761230e-01
2.562116384506225586e-01
-4.287276566028594971e-01
-4.468842744827270508e-01
3.481110334396362305e-01
-7.455484867095947266e-01
-3.281969130039215088e-01
1.353923082351684570e-01
5.979915261268615723e-01
6.393380761146545410e-01
-5.610595941543579102e-01
-1.526828110218048096e-01
-4.377827346324920654e-01
-8.564741611480712891e-01
6.665426492691040039e-02
