-4.488273561000823975e-01
6.228296756744384766e-01
3.334389626979827881e-02
5.790548324584960938e-01
1.942282617092132568e-01
2.378114312887191772e-01
1.041667759418487549e-01
8.929538726806640625e-02
3.785706460475921631e-01
-9.057193994522094727e-01
-6.412693858146667480e-01
3.029936850070953369e-01
2.828601002693176270e-01
-3.222151696681976318e-01
-7.140835523605346680e-01
-3.996497392654418945e-01
9.497204422950744629e-02
4.188142418861389160e-01
-4.215024113655090332e-01
-2.912426292896270752e-01
-1.145312339067459106e-01
6.287977695465087891e-01
7.469918727874755859e-01
-1.599693447351455688e-01
4.341343343257904053e-01
-2.936706840991973877e-01
4.712000191211700439e-01
3.697340488433837891e-01
1.247702091932296753e-01
1.076981067657470703e+00
