4.896471798419952393e-01
-5.877311229705810547e-01
-7.521739006042480469e-01
3.632488250732421875e-01
5.566580295562744141e-01
-7.699434161186218262e-01
-3.166836798191070557e-01
6.026967167854309082e-01
-6.627314090728759766e-01
-4.642877280712127686e-01
8.705372810363769531e-01
-1.341315805912017822e-01
-4.238247498869895935e-02
-7.318511009216308594e-01
3.330309689044952393e-01
-5.675969123840332031e-01
3.824763894081115723e-01
4.795976281166076660e-01
-3.794497251510620117e-01
4.284787774085998535e-01
5.962464809417724609e-01
1.116985321044921875e+00
4.876554608345031738e-01
-8.030250072479248047e-01
-1.179127395153045654e-01
-2.870996296405792236e-01
-2.083867043256759644e-01
-4.383794665336608887e-01
-1.258485764265060425e-02
-3.645953834056854248e-01
