-8.221333473920822144e-02
-2.100299000740051270e-01
-2.405300140380859375e-01
-5.038309693336486816e-01
3.300647437572479248e-01
-2.029947340488433838e-01
1.132170855998992920e-01
-7.100770622491836548e-02
-2.025684565305709839e-01
1.968123018741607666e-01
-7.397832721471786499e-02
-4.022184014320373535e-01
3.847842514514923096e-01
3.177379071712493896e-01
-1.647144258022308350e-01
1.167802736163139343e-01
2.761161923408508301e-01
2.117865234613418579e-01
1.353665739297866821e-01
-4.667438194155693054e-02
-1.564831286668777466e-01
-4.271939396858215332e-01
-3.107677698135375977e-01
2.679786384105682373e-01
-3.391627371311187744e-01
-2.648880481719970703e-01
-2.399725168943405151e-01
4.911333918571472168e-01
-2.965879142284393311e-01
1.173187941312789917e-01
