-1.730500906705856323e-02
5.578843355178833008e-01
3.139717578887939453e-01
6.110244989395141602e-01
-5.264683365821838379e-01
8.883019089698791504e-01
2.523188889026641846e-01
1.133110046386718750e+00
7.956222295761108398e-01
-6.550483703613281250e-01
-1.898230165243148804e-01
5.308438539505004883e-01
-3.257751464843750000e-02
1.387571543455123901e-01
6.919029951095581055e-01
-6.138116121292114258e-01
5.142242908477783203e-01
6.620641350746154785e-01
-9.834216833114624023e-01
-6.874024271965026855e-01
4.247417747974395752e-01
4.506740272045135498e-01
3.654980063438415527e-01
-4.284024536609649658e-01
1.298568099737167358e-01
1.634284853935241699e-01
-1.676082760095596313e-01
-1.143096908926963806e-01
5.420289039611816406e-01
5.406969189643859863e-01
