-2.701677381992340088e-01
1.819437146186828613e-01
6.926938891410827637e-01
-8.268181085586547852e-01
-1.776804774999618530e-01
-1.279299706220626831e-02
-1.687011122703552246e-01
9.477956593036651611e-02
5.831121206283569336e-01
1.737975478172302246e-01
-4.780065417289733887e-01
-2.793577909469604492e-01
-7.854391336441040039e-01
3.928901255130767822e-01
-9.153594374656677246e-01
5.131922960281372070e-01
2.532995045185089111e-01
3.535883724689483643e-01
4.720317423343658447e-01
3.495798408985137939e-01
-6.707134097814559937e-02
-2.945681214332580566e-01
-7.122777700424194336e-01
-4.207034707069396973e-01
-1.528017967939376831e-01
-1.980908066034317017e-01
-1.082624912261962891e+00
2.049147784709930420e-01
2.923286259174346924e-01
2.809898853302001953e-01
