-3.706521987915039062e-01
-5.473368167877197266e-01
3.288278281688690186e-01
4.858127534389495850e-01
1.117982625961303711e+00
7.139066457748413086e-01
-5.358535647392272949e-01
1.192685291171073914e-01
-1.265152990818023682e-01
1.382412016391754150e-01
-1.279451847076416016e+00
8.456451892852783203e-01
-5.770919322967529297e-01
1.840202212333679199e-01
1.997426599264144897e-01
-9.833908677101135254e-01
-5.391036868095397949e-01
3.348193466663360596e-01
3.182143867015838623e-01
-2.744284272193908691e-01
4.545492231845855713e-01
9.712818264961242676e-02
-5.503437519073486328e-01
-1.028723239898681641e+00
-7.891772985458374023e-01
6.330186724662780762e-01
1.297114789485931396e-01
-4.064612090587615967e-01
-1.595665216445922852e-01
-3.096905946731567383e-01
