-3.115420639514923096e-01
3.651659786701202393e-01
4.531482458114624023e-01
-2.500006556510925293e-01
-7.612519711256027222e-02
4.070706069469451904e-01
-2.778261899948120117e-01
2.359423190355300903e-01
-2.551222741603851318e-01
4.949725046753883362e-02
3.185110092163085938e-01
-2.933754026889801025e-01
-1.425752788782119751e-01
5.647611618041992188e-02
-4.379650205373764038e-02
6.997100710868835449e-01
3.072168231010437012e-01
-4.165620803833007812e-01
4.304285347461700439e-02
7.821297645568847656e-01
-7.093167304992675781e-02
-4.539580047130584717e-01
9.390298277139663696e-03
1.857605874538421631e-01
-5.664288997650146484e-01
3.302448391914367676e-01
3.507096171379089355e-01
-1.032081693410873413e-01
3.551766276359558105e-01
5.543844699859619141e-01
