-7.594149112701416016e-01
-5.266701579093933105e-01
-4.102818369865417480e-01
-1.920177042484283447e-01
7.291254997253417969e-01
1.256988495588302612e-01
3.122574687004089355e-01
4.813665449619293213e-01
1.847303062677383423e-01
3.111018240451812744e-01
4.244121909141540527e-01
3.525901138782501221e-01
2.442601323127746582e-01
-1.608945727348327637e-01
4.447505176067352295e-01
3.029464483261108398e-01
-1.470513492822647095e-01
-5.833047032356262207e-01
-2.184574455022811890e-01
8.015891164541244507e-02
1.036298498511314392e-01
3.534485995769500732e-01
3.192462623119354248e-01
3.461381494998931885e-01
-4.437439888715744019e-02
-2.907705903053283691e-01
3.103272244334220886e-02
1.516228821128606796e-02
8.028073310852050781e-01
1.125625520944595337e-01
