7.798445969820022583e-02
-6.706474423408508301e-01
3.898038566112518311e-01
-6.360388994216918945e-01
4.007824957370758057e-01
-8.753218054771423340e-01
-2.624056041240692139e-01
2.889658510684967041e-01
3.674393892288208008e-01
8.750594258308410645e-01
-1.539402455091476440e-01
6.303035020828247070e-01
4.856800734996795654e-01
-4.577001333236694336e-01
3.948417603969573975e-01
6.407405734062194824e-01
7.783696055412292480e-01
7.095784693956375122e-02
-9.283204078674316406e-01
-5.777472257614135742e-01
6.721529364585876465e-01
-7.070088386535644531e-01
-3.985386788845062256e-01
4.463813900947570801e-01
-7.798939347267150879e-01
-7.334431409835815430e-01
-1.477333456277847290e-01
-9.532725065946578979e-02
3.012003600597381592e-01
2.082374691963195801e-01
