-3.356386125087738037e-01
2.488304674625396729e-01
-1.033988475799560547e+00
-1.113794684410095215e+00
-9.017039090394973755e-02
-7.146693468093872070e-01
-4.070532917976379395e-01
2.497143000364303589e-01
-6.135049462318420410e-01
-4.315088391304016113e-01
-6.909621357917785645e-01
2.572601139545440674e-01
-2.947175800800323486e-01
-2.018113732337951660e-01
-1.989379078149795532e-01
-4.015195965766906738e-01
-5.469651222229003906e-01
-2.514587640762329102e-01
7.280916571617126465e-01
2.029388844966888428e-01
6.028919816017150879e-01
6.419036388397216797e-01
-8.568648695945739746e-01
-4.280582666397094727e-01
3.004254400730133057e-01
-4.679813086986541748e-01
-4.203668534755706787e-01
-4.476751387119293213e-02
-5.543924495577812195e-02
4.665427803993225098e-01
