3.203330338001251221e-01
1.611852049827575684e-01
6.181159615516662598e-01
4.535240828990936279e-01
3.927697837352752686e-01
9.254746139049530029e-03
8.719228506088256836e-01
-2.131317704916000366e-01
-2.852029502391815186e-01
3.297881782054901123e-02
3.346610963344573975e-01
4.044774770736694336e-01
7.111535668373107910e-01
-7.358272075653076172e-01
1.002834290266036987e-01
-2.509983181953430176e-01
2.236497960984706879e-02
4.492434263229370117e-01
7.227733731269836426e-01
-6.294501572847366333e-02
5.626186728477478027e-01
6.785231232643127441e-01
-7.337322831153869629e-01
-2.828533649444580078e-01
-1.896986961364746094e-01
-3.448223769664764404e-01
-3.957241177558898926e-01
-2.882461845874786377e-01
3.437085747718811035e-01
-7.156148552894592285e-01
