2.141872048377990723e-01
-2.009717226028442383e-01
-7.151898741722106934e-01
-1.043368220329284668e+00
-9.292520284652709961e-01
2.229332327842712402e-01
-8.024294972419738770e-01
4.544852375984191895e-01
9.764803051948547363e-01
-7.767789363861083984e-01
-5.137214660644531250e-01
-5.869982838630676270e-01
9.868622422218322754e-01
-4.281205832958221436e-01
1.109373450279235840e+00
7.548315525054931641e-01
-1.798726245760917664e-02
3.544612601399421692e-02
4.020261466503143311e-01
-7.676844000816345215e-01
-1.916227936744689941e-01
-5.291013121604919434e-01
2.454324811697006226e-02
-2.249377220869064331e-01
-4.107428789138793945e-01
-3.776005506515502930e-01
-8.179383277893066406e-01
2.539074122905731201e-01
1.989340782165527344e-02
6.781509518623352051e-01
