-3.889814019203186035e-01
6.918756365776062012e-01
9.583911299705505371e-01
5.313645005226135254e-01
5.690295696258544922e-01
5.025165900588035583e-02
-1.589267402887344360e-01
7.465057373046875000e-01
-3.916041851043701172e-01
1.267294436693191528e-01
2.685568928718566895e-01
-2.419979125261306763e-01
3.141220510005950928e-01
-6.537244915962219238e-01
9.198679327964782715e-01
3.711218237876892090e-01
2.794467806816101074e-01
1.038687154650688171e-01
6.227829456329345703e-01
-5.436370968818664551e-01
4.946377873420715332e-01
-2.911842763423919678e-01
-2.734954357147216797e-01
-4.011115729808807373e-01
5.110651254653930664e-01
5.999423265457153320e-01
-1.718030124902725220e-01
3.603365421295166016e-01
-2.022568881511688232e-01
-4.303949475288391113e-01
