-6.324194073677062988e-01
-6.117238402366638184e-01
-9.279708266258239746e-01
2.619556486606597900e-01
3.920287191867828369e-01
2.965182662010192871e-01
-1.007975101470947266e+00
-1.838888674974441528e-01
-5.616066455841064453e-01
4.752652347087860107e-01
-6.491614580154418945e-01
8.002551198005676270e-01
-4.690581858158111572e-01
4.071855843067169189e-01
-9.099739193916320801e-01
4.175394177436828613e-01
6.318234652280807495e-02
6.993723511695861816e-01
-7.696898281574249268e-02
9.098768830299377441e-01
2.104833722114562988e-01
7.403398156166076660e-01
1.124668195843696594e-01
-6.937742829322814941e-01
6.016505360603332520e-01
-4.746131002902984619e-01
6.175310611724853516e-01
2.341959029436111450e-01
3.064892590045928955e-01
7.960985302925109863e-01
