-4.483815133571624756e-01
-9.005261063575744629e-01
8.261035084724426270e-01
-7.040811777114868164e-01
-3.181771337985992432e-01
6.715960502624511719e-01
-6.602877974510192871e-01
-1.807625889778137207e-01
-5.025305747985839844e-01
4.864749610424041748e-01
4.118915796279907227e-01
-5.533881187438964844e-01
-8.906084299087524414e-01
-1.712022572755813599e-01
-1.229785084724426270e+00
1.290492892265319824e+00
-3.864955008029937744e-01
3.720138072967529297e-01
5.018913745880126953e-01
4.571586847305297852e-01
-4.598181694746017456e-04
1.600742936134338379e-01
1.180259108543395996e+00
1.141800403594970703e+00
2.399575114250183105e-01
-4.402582049369812012e-01
7.735135555267333984e-01
-8.185320496559143066e-01
5.075892806053161621e-01
5.365856289863586426e-01
