-3.473003506660461426e-01
-3.262207508087158203e-01
3.587369620800018311e-01
-2.664706707000732422e-01
-1.520520448684692383e-01
2.232847213745117188e-01
4.657256305217742920e-01
-4.105182290077209473e-01
8.970008790493011475e-02
-4.159015044569969177e-02
-5.123850107192993164e-01
-1.430370956659317017e-01
2.919265031814575195e-01
-2.531697452068328857e-01
3.925284147262573242e-01
2.044031769037246704e-01
-1.872256584465503693e-02
1.734971851110458374e-01
2.716691493988037109e-01
-2.745993733406066895e-01
-2.490096837282180786e-01
3.288784921169281006e-01
1.214011982083320618e-01
2.464466542005538940e-01
6.018267944455146790e-02
2.910107076168060303e-01
-9.916426986455917358e-02
-6.209021806716918945e-01
2.620113492012023926e-01
-2.656174302101135254e-01
