-2.240379899740219116e-01
4.378570616245269775e-01
-8.653622269630432129e-01
5.296174287796020508e-01
-2.992279231548309326e-01
2.465989291667938232e-01
5.624170899391174316e-01
-3.252780139446258545e-01
5.296578407287597656e-01
4.303524792194366455e-01
-4.978975951671600342e-01
-6.337102055549621582e-01
-4.806804955005645752e-01
-2.441407442092895508e-01
3.816455900669097900e-01
5.024200677871704102e-01
5.896307229995727539e-01
3.620629608631134033e-01
-8.079272508621215820e-01
-4.724423885345458984e-01
5.982307195663452148e-01
4.754501283168792725e-01
-8.783399462699890137e-01
-7.821461558341979980e-01
1.851491928100585938e-01
-6.743712425231933594e-01
-4.409036934375762939e-01
-9.073202610015869141e-01
-5.358741879463195801e-01
-2.894762158393859863e-01
