5.227350592613220215e-01
4.095036685466766357e-01
-5.448155403137207031e-01
3.274275958538055420e-01
2.885398566722869873e-01
5.640762448310852051e-01
1.163040380924940109e-02
-4.256342053413391113e-01
2.731263637542724609e-02
-3.155551254749298096e-01
6.996790170669555664e-01
2.980976998805999756e-01
1.038971021771430969e-01
3.563036024570465088e-02
-6.401588320732116699e-01
4.131935238838195801e-01
-1.885730586946010590e-02
-5.328676104545593262e-02
2.673713266849517822e-01
8.781864643096923828e-01
-2.366708964109420776e-01
7.557223439216613770e-01
-3.862392306327819824e-01
1.000759676098823547e-01
-6.887418627738952637e-01
5.744098424911499023e-01
-3.167793452739715576e-01
5.174627900123596191e-01
-1.355301290750503540e-01
-7.037611603736877441e-01
