1.657018065452575684e-01
9.345825910568237305e-01
-6.858782172203063965e-01
4.429254233837127686e-01
5.297119617462158203e-01
-4.992350563406944275e-02
-8.250474929809570312e-02
-7.322332262992858887e-01
-6.671413183212280273e-01
-9.436193108558654785e-01
-5.163677334785461426e-01
1.019961461424827576e-01
-4.555870294570922852e-01
-5.400426387786865234e-01
4.455570578575134277e-01
-5.244638919830322266e-01
6.309956312179565430e-01
1.689228564500808716e-01
-2.199487090110778809e-01
8.983616828918457031e-01
-7.599821686744689941e-01
4.242511391639709473e-01
-4.113893508911132812e-01
-6.235603094100952148e-01
9.254953265190124512e-01
-2.805469334125518799e-01
1.804147958755493164e-01
1.295998215675354004e+00
-5.647042989730834961e-01
7.397311925888061523e-01
