5.908580422401428223e-01
-5.833970904350280762e-01
1.639401465654373169e-01
1.850669831037521362e-02
-8.720868825912475586e-02
2.457642108201980591e-01
-3.756417930126190186e-01
-4.385484457015991211e-01
4.265278279781341553e-01
-8.473494648933410645e-01
-9.820741415023803711e-01
2.947944402694702148e-01
2.758288681507110596e-01
-2.527265846729278564e-01
-5.435654520988464355e-02
3.734633326530456543e-01
4.446349665522575378e-02
5.200331211090087891e-01
5.825428962707519531e-01
1.017279148101806641e+00
6.122523173689842224e-02
5.613710880279541016e-01
-4.226254224777221680e-01
-6.750589609146118164e-01
2.529020607471466064e-01
-8.628081679344177246e-01
3.242071866989135742e-01
6.234002709388732910e-01
-4.959256350994110107e-01
4.906745851039886475e-01
