-5.825734138488769531e-01
-1.272979736328125000e+00
4.044776856899261475e-01
9.442967772483825684e-01
-6.331475973129272461e-01
-2.767466381192207336e-02
1.745540797710418701e-01
3.699275851249694824e-01
3.209111392498016357e-01
-2.022981047630310059e-01
-3.692188262939453125e-01
3.136649727821350098e-01
-7.206451892852783203e-01
-7.568609714508056641e-01
-1.016680121421813965e+00
-5.290005207061767578e-01
-3.271400928497314453e-01
2.880035638809204102e-01
-9.621518850326538086e-01
3.775572180747985840e-01
-5.586603879928588867e-01
-3.949975073337554932e-01
2.969976961612701416e-01
-4.672684073448181152e-01
7.588300108909606934e-01
-6.179928407073020935e-02
-1.252954840660095215e+00
-2.578664720058441162e-01
-4.688141942024230957e-01
-1.376672238111495972e-01
