-2.447327226400375366e-01
5.206421017646789551e-01
3.791051218286156654e-03
-2.993710935115814209e-01
-5.469241142272949219e-01
-1.408763881772756577e-02
-4.230011999607086182e-01
4.367021098732948303e-02
1.242893710732460022e-01
-6.426743865013122559e-01
-5.796912908554077148e-01
-7.809092104434967041e-02
7.478445172309875488e-01
-6.842032074928283691e-01
-9.020233154296875000e-01
-9.551919698715209961e-01
-3.934512734413146973e-01
6.117139458656311035e-01
-1.551788449287414551e-01
-7.272865176200866699e-01
-3.099192120134830475e-02
-1.568387150764465332e-01
-3.359071537852287292e-02
-5.285267829895019531e-01
3.374337852001190186e-01
5.242710560560226440e-02
-4.630640745162963867e-01
6.669777631759643555e-01
-3.278810381889343262e-01
3.705918788909912109e-01
