-4.114043712615966797e-01
1.988202035427093506e-01
-7.352297902107238770e-01
6.738688945770263672e-01
1.659672111272811890e-01
4.938613176345825195e-01
-2.939196228981018066e-01
5.236172676086425781e-01
3.454855382442474365e-01
-4.926938191056251526e-02
1.898241788148880005e-02
1.456251293420791626e-01
-6.817629933357238770e-01
4.562862813472747803e-01
-7.118387818336486816e-01
-3.154214322566986084e-01
-2.762698829174041748e-01
2.154635190963745117e-01
-4.202098548412322998e-01
-4.706217050552368164e-01
-4.163284301757812500e-01
-5.617301166057586670e-02
5.787546634674072266e-01
8.060405850410461426e-01
4.136053323745727539e-01
1.972011774778366089e-01
7.731826305389404297e-01
5.288525223731994629e-01
4.301541671156883240e-02
-2.034531980752944946e-01
