-7.838418483734130859e-01
-2.070443481206893921e-01
-2.950440645217895508e-01
3.411736786365509033e-01
4.091087281703948975e-01
1.826633214950561523e-01
4.255420267581939697e-01
-7.516196370124816895e-01
-4.488003849983215332e-01
7.856500744819641113e-01
-1.849230229854583740e-01
-7.264624238014221191e-01
1.096332967281341553e-01
-2.679410576820373535e-01
-7.044956088066101074e-01
1.388952732086181641e-01
5.282843112945556641e-01
5.445300936698913574e-01
5.077835321426391602e-01
2.230871170759201050e-01
3.088735342025756836e-01
-4.409899413585662842e-01
3.660837411880493164e-01
1.191202044486999512e+00
5.831851065158843994e-02
-6.371533870697021484e-01
1.362665295600891113e+00
1.558309942483901978e-01
-1.202451348304748535e+00
1.432805359363555908e-01
