2.357296645641326904e-02
-1.241707056760787964e-01
-5.358862280845642090e-01
4.904032945632934570e-01
6.726393010467290878e-03
5.278668999671936035e-01
7.389907240867614746e-01
-2.114935517311096191e-01
7.084410190582275391e-01
3.173611760139465332e-01
-7.390972971916198730e-01
-2.791802585124969482e-01
4.532026052474975586e-01
7.030110359191894531e-01
5.575162768363952637e-01
2.313742637634277344e-01
3.819602131843566895e-01
-3.859141170978546143e-01
1.626076549291610718e-01
-6.768275499343872070e-01
4.798021018505096436e-01
5.554825067520141602e-01
4.895378351211547852e-01
-2.422729432582855225e-01
7.427351474761962891e-01
-4.879805445671081543e-01
3.724587559700012207e-01
6.652591228485107422e-01
7.729312777519226074e-01
-7.372610569000244141e-01
