-1.566706895828247070e-01
3.600878119468688965e-01
-6.711163371801376343e-02
-1.156601309776306152e-01
-7.361962199211120605e-01
3.718328773975372314e-01
3.319502770900726318e-01
2.854328155517578125e-01
1.266385316848754883e-01
3.396396934986114502e-01
-4.365560412406921387e-01
-7.378092408180236816e-01
-2.768615484237670898e-01
-5.480158329010009766e-01
-3.787374198436737061e-01
8.029084801673889160e-01
1.646875143051147461e-01
2.307648509740829468e-01
6.021907329559326172e-01
4.632673561573028564e-01
5.915624499320983887e-01
6.242116093635559082e-01
3.750587701797485352e-01
-8.532000184059143066e-01
1.128007918596267700e-01
3.466729819774627686e-01
4.971255958080291748e-01
-3.524099290370941162e-01
7.197121977806091309e-01
-4.302586317062377930e-01
