-3.419714868068695068e-01
1.042568013072013855e-01
5.295424461364746094e-01
-9.605453163385391235e-02
1.408787667751312256e-01
1.263530403375625610e-01
-4.695405066013336182e-01
-6.223856210708618164e-01
3.352960944175720215e-01
3.729394674301147461e-01
1.263145655393600464e-01
1.380559355020523071e-01
1.377671808004379272e-01
2.466263920068740845e-01
4.600950181484222412e-01
-6.587995886802673340e-01
-5.594146251678466797e-01
3.834942877292633057e-01
-1.688638478517532349e-01
-4.902583956718444824e-01
-5.160462856292724609e-01
4.479384720325469971e-01
1.080619171261787415e-01
-1.711841523647308350e-01
-1.945814192295074463e-01
-3.596130311489105225e-01
-4.538845419883728027e-01
-5.251146554946899414e-01
-3.087021410465240479e-01
1.969220340251922607e-01
