-4.872521460056304932e-01
7.343785166740417480e-01
-2.081460058689117432e-01
-2.137622982263565063e-02
5.106689333915710449e-01
8.655813336372375488e-01
-9.014129638671875000e-01
2.193535305559635162e-02
-3.242667913436889648e-01
6.364189982414245605e-01
8.436639308929443359e-01
4.126697480678558350e-01
-9.497013092041015625e-01
3.336976766586303711e-01
9.803472161293029785e-01
8.670514822006225586e-02
1.213425159454345703e+00
8.099275231361389160e-01
-1.252381443977355957e+00
1.462987042032182217e-03
-1.007131934165954590e+00
9.111960530281066895e-01
1.946492314338684082e+00
-4.587855041027069092e-01
-8.142921328544616699e-02
-7.608958482742309570e-01
1.948525309562683105e-01
-7.267371416091918945e-01
-3.567579388618469238e-01
2.908234111964702606e-02
