-5.732612013816833496e-01
2.461706101894378662e-01
4.237540364265441895e-01
2.309310883283615112e-01
6.557227969169616699e-01
-1.065027788281440735e-01
4.079712927341461182e-01
4.045610427856445312e-01
2.797815501689910889e-01
-5.080372095108032227e-01
-4.240826666355133057e-01
5.882145762443542480e-01
2.071124464273452759e-01
1.508364528417587280e-01
-5.566326975822448730e-01
5.392488241195678711e-01
2.324457019567489624e-01
-2.976591289043426514e-01
5.327346920967102051e-01
2.009000778198242188e-01
-1.553470939397811890e-01
-3.012001812458038330e-01
3.294850885868072510e-01
4.411735106259584427e-03
-5.312157869338989258e-01
-4.723930656909942627e-01
2.879307568073272705e-01
6.336082816123962402e-01
2.685198485851287842e-01
-7.709900140762329102e-01
