-6.699648499488830566e-01
-2.212523221969604492e-01
3.047258257865905762e-01
-3.008834123611450195e-01
3.144850134849548340e-01
-6.326439976692199707e-02
1.698003560304641724e-01
2.909313738346099854e-01
6.348055005073547363e-01
-7.892733812332153320e-02
-2.492964826524257660e-02
6.516031026840209961e-01
-4.006561338901519775e-01
-4.049607515335083008e-01
-7.543396949768066406e-01
-4.654948413372039795e-01
1.303093075752258301e+00
1.631284654140472412e-01
9.189216494560241699e-01
-1.653284132480621338e-01
1.601717919111251831e-01
-8.447430282831192017e-02
-6.549769639968872070e-02
1.001937314867973328e-01
-2.203552275896072388e-01
-7.310578227043151855e-01
1.193637490272521973e+00
-8.299316167831420898e-01
-1.727232336997985840e-01
3.558126091957092285e-02
