-3.278049528598785400e-01
-1.094411849975585938e+00
-7.354633510112762451e-02
-2.165635526180267334e-01
6.544396877288818359e-01
2.190897017717361450e-01
-1.494583934545516968e-01
-1.954061836004257202e-01
2.299208194017410278e-02
5.729117989540100098e-01
-1.602599471807479858e-01
-3.800743818283081055e-02
2.667871117591857910e-01
-2.753277122974395752e-01
1.385427713394165039e-01
3.422477245330810547e-01
9.889054298400878906e-02
2.096215188503265381e-01
3.538728356361389160e-01
-2.712752819061279297e-01
8.684131503105163574e-01
3.168976902961730957e-01
-6.725312024354934692e-02
2.096023708581924438e-01
-6.599776446819305420e-02
-7.943007349967956543e-02
-1.444087475538253784e-01
-4.767065048217773438e-01
-2.924090921878814697e-01
-2.351575791835784912e-01
