-1.592548638582229614e-01
3.736514151096343994e-01
3.303813636302947998e-01
-5.022460818290710449e-01
2.452983111143112183e-01
2.418754547834396362e-01
-3.997321724891662598e-01
4.783710539340972900e-01
2.401951551437377930e-01
2.462666630744934082e-01
3.034103214740753174e-01
1.054145842790603638e-01
2.416973467916250229e-03
3.689414858818054199e-01
1.929094493389129639e-01
-4.304596185684204102e-01
-1.478890925645828247e-01
4.603978693485260010e-01
6.548761129379272461e-01
3.471630513668060303e-01
-9.256210327148437500e-01
-9.735415577888488770e-01
2.366186529397964478e-01
-5.365034341812133789e-01
1.818039268255233765e-01
-3.861344158649444580e-01
-2.355838008224964142e-02
2.564587593078613281e-01
-1.491337083280086517e-02
3.214956223964691162e-01
