-6.343141198158264160e-01
-1.988955289125442505e-01
-5.411927103996276855e-01
-2.168047130107879639e-01
-1.330638974905014038e-01
-6.048640012741088867e-01
5.420860648155212402e-02
-5.138757228851318359e-01
-4.504880905151367188e-01
-7.642590999603271484e-01
1.811400949954986572e-01
-3.357802331447601318e-01
5.425255298614501953e-01
-5.436376482248306274e-02
6.270810961723327637e-01
1.239178981631994247e-02
3.935382068157196045e-01
-3.842407166957855225e-01
-1.488642301410436630e-03
-3.258036077022552490e-01
4.778098762035369873e-01
-2.343925647437572479e-02
7.620254158973693848e-02
-3.440476357936859131e-01
-4.621602594852447510e-01
-4.441569447517395020e-01
-4.197863340377807617e-01
6.036480069160461426e-01
-1.359074264764785767e-01
3.756783902645111084e-02
