-2.860854268074035645e-01
-6.221687197685241699e-01
4.607426524162292480e-01
4.359797537326812744e-01
-8.497294783592224121e-01
-5.463269539177417755e-03
2.953960895538330078e-01
4.520120322704315186e-01
-2.241173982620239258e-01
-3.066500648856163025e-02
-3.538327515125274658e-01
-4.035813212394714355e-01
4.485907852649688721e-01
-6.947066783905029297e-01
-3.288375139236450195e-01
-6.234381198883056641e-01
6.038010120391845703e-01
4.181306064128875732e-01
-4.521673619747161865e-01
3.995663523674011230e-01
-3.646937310695648193e-01
2.210497111082077026e-01
-1.899360911920666695e-03
1.024660825729370117e+00
2.031739801168441772e-01
6.400482058525085449e-01
-3.325496241450309753e-02
2.743324339389801025e-01
3.325550854206085205e-01
7.026533484458923340e-01
