-3.335847854614257812e-01
1.471919119358062744e-01
2.973968684673309326e-01
5.672311782836914062e-01
-3.738071918487548828e-01
1.064177036285400391e+00
-4.269598722457885742e-01
1.439454704523086548e-01
-1.633328795433044434e-01
-4.663467407226562500e-01
5.718689560890197754e-01
5.939799547195434570e-01
8.159080743789672852e-01
3.393568098545074463e-01
-1.408485472202301025e-01
5.696383118629455566e-01
-1.002070069313049316e+00
-3.732073605060577393e-01
2.061492502689361572e-01
-9.996872544288635254e-01
5.663335323333740234e-01
3.235143721103668213e-01
3.583069145679473877e-02
-6.349942088127136230e-01
-4.661021530628204346e-01
-8.255136758089065552e-02
3.610024154186248779e-01
4.727784395217895508e-01
-1.559728384017944336e-01
6.365438103675842285e-01
