2.522663176059722900e-01
3.403650224208831787e-01
-5.274675488471984863e-01
3.276311457157135010e-01
9.495027661323547363e-01
6.331096887588500977e-01
4.820901751518249512e-01
-4.096551239490509033e-01
-3.461686894297599792e-02
-1.108460903167724609e+00
4.413106143474578857e-01
-5.936481952667236328e-01
5.262723565101623535e-01
-1.286504715681076050e-01
1.003939390182495117e+00
5.204474925994873047e-01
-2.683778405189514160e-01
5.067533850669860840e-01
-9.805747270584106445e-01
-4.034211337566375732e-01
-3.546021580696105957e-01
1.026506423950195312e+00
7.238992452621459961e-01
-7.085731625556945801e-01
7.221975922584533691e-01
4.792094826698303223e-01
4.414789676666259766e-01
8.232995867729187012e-01
-5.770856738090515137e-01
-1.043927669525146484e+00
