5.436909198760986328e-01
-7.537640333175659180e-01
-1.212834641337394714e-01
8.446576446294784546e-02
4.411609172821044922e-01
4.464432597160339355e-01
1.110665425658226013e-01
-2.182321101427078247e-01
-3.440993130207061768e-01
6.378790140151977539e-01
-5.459924936294555664e-01
-5.429092645645141602e-01
-1.010192990303039551e+00
-1.089329123497009277e+00
-6.082483530044555664e-01
9.547629356384277344e-01
8.548309653997421265e-02
-5.644159317016601562e-01
5.006115436553955078e-01
8.645834401249885559e-03
7.260902523994445801e-01
1.160101413726806641e+00
3.371233344078063965e-01
-1.014576196670532227e+00
4.169488847255706787e-01
-2.994434833526611328e-01
3.679371178150177002e-01
-2.990258336067199707e-01
-3.240803182125091553e-01
7.726612687110900879e-01
