-8.633724451065063477e-01
-6.834449619054794312e-02
-7.696810960769653320e-01
-6.728307604789733887e-01
2.227316498756408691e-01
-7.304717302322387695e-01
-1.090346932411193848e+00
1.012088298797607422e+00
-2.174710631370544434e-01
9.212387800216674805e-01
9.015134572982788086e-01
1.127752363681793213e-01
-5.718806982040405273e-01
1.458389282226562500e+00
-5.904539227485656738e-01
-5.545983314514160156e-01
9.694959521293640137e-01
4.197204113006591797e-01
1.335806846618652344e-01
-2.101571261882781982e-01
4.929018020629882812e-01
1.767234504222869873e-02
1.284024864435195923e-01
-5.983699560165405273e-01
7.147870063781738281e-01
4.169306457042694092e-01
-1.153514742851257324e+00
1.397883892059326172e+00
2.483662962913513184e-01
6.982317566871643066e-01
