7.011084556579589844e-01
5.121715664863586426e-01
-6.559702157974243164e-01
-2.487945407629013062e-01
3.318028151988983154e-01
-4.288205802440643311e-01
9.372377991676330566e-01
-1.696863919496536255e-01
5.658863782882690430e-01
3.528352128341794014e-03
3.016451299190521240e-01
4.996408820152282715e-01
-4.650715291500091553e-01
2.446015179157257080e-01
-2.289071828126907349e-01
-8.648632764816284180e-01
-8.543740957975387573e-02
6.746271252632141113e-01
-7.520890831947326660e-01
-1.219750404357910156e+00
-1.015143394470214844e+00
-8.555074930191040039e-01
-5.765125751495361328e-01
-4.003340899944305420e-01
-3.931439220905303955e-01
4.443130642175674438e-02
-6.271281242370605469e-01
-9.834787249565124512e-01
1.077586710453033447e-01
-3.957802951335906982e-01
