4.660148620605468750e-01
2.496138364076614380e-01
-6.443808078765869141e-01
5.104675292968750000e-01
-3.635118603706359863e-01
5.827190279960632324e-01
-1.779584437608718872e-01
-3.260422646999359131e-01
1.416873037815093994e-01
-3.705267608165740967e-01
-6.211272478103637695e-01
-3.942306935787200928e-01
1.268429011106491089e-01
-2.281644493341445923e-01
3.273572921752929688e-01
1.109295859932899475e-01
-1.682522743940353394e-01
-3.092396259307861328e-01
-5.608849525451660156e-01
-7.845504283905029297e-01
2.491608560085296631e-01
1.551484465599060059e-01
-2.409880310297012329e-01
-5.490317344665527344e-01
-5.247974991798400879e-01
3.600539863109588623e-01
3.278118968009948730e-01
-1.421490013599395752e-01
-7.172319889068603516e-01
-6.341357231140136719e-01
