7.860535979270935059e-01
-4.775052964687347412e-01
-7.100530266761779785e-01
-8.273571133613586426e-01
1.885252073407173157e-02
-6.265512704849243164e-01
7.037022113800048828e-01
2.991249859333038330e-01
3.732817471027374268e-01
1.524884551763534546e-01
4.401700496673583984e-01
-1.043408513069152832e-01
-4.534382522106170654e-01
3.327154219150543213e-01
-4.922521710395812988e-01
-5.590239167213439941e-01
1.238957166671752930e+00
-5.413516759872436523e-01
-3.093222677707672119e-01
-5.230716466903686523e-01
5.507888793945312500e-01
9.530977606773376465e-01
-4.275335967540740967e-01
-1.071677133440971375e-01
1.567975282669067383e-01
7.965598106384277344e-01
2.603847086429595947e-01
-3.500353693962097168e-01
1.396354436874389648e-01
5.807109475135803223e-01
