5.259196162223815918e-01
-4.139985740184783936e-01
-3.479223549365997314e-01
-2.533408813178539276e-02
6.397116780281066895e-01
-3.921783566474914551e-01
2.687389552593231201e-01
-9.751932024955749512e-01
-6.308752894401550293e-01
1.077558159828186035e+00
-5.394102931022644043e-01
-3.751466870307922363e-01
3.289093822240829468e-02
1.754147112369537354e-01
5.196291208267211914e-01
3.680906295776367188e-01
8.206198215484619141e-01
-9.530059695243835449e-01
2.712326049804687500e-01
5.899886488914489746e-01
-7.701833248138427734e-01
7.532190084457397461e-01
-4.377861022949218750e-01
2.258256524801254272e-01
-6.989983320236206055e-01
-1.397631317377090454e-01
-1.063160896301269531e+00
3.027525842189788818e-01
-5.851567164063453674e-02
9.064047932624816895e-01
