-6.413890123367309570e-01
6.614703536033630371e-01
-6.289619207382202148e-01
7.238899469375610352e-01
1.938719302415847778e-01
6.656527519226074219e-02
4.512378275394439697e-01
4.763714969158172607e-01
4.718990623950958252e-01
8.307932019233703613e-01
4.250628948211669922e-01
-5.855637192726135254e-01
2.923637032508850098e-01
-5.955209732055664062e-01
5.255236625671386719e-01
4.685535728931427002e-01
6.773822903633117676e-01
1.351839452981948853e-01
-5.990823507308959961e-01
6.723596453666687012e-01
3.782767057418823242e-01
5.113370418548583984e-01
-4.851518273353576660e-01
4.009852111339569092e-01
-2.349763512611389160e-01
-1.075708150863647461e+00
-6.599697470664978027e-02
3.260386288166046143e-01
-4.985441267490386963e-02
-6.627690792083740234e-01
