-3.350313603878021240e-01
-5.253792405128479004e-01
-5.041447281837463379e-01
-1.272155046463012695e-01
-4.911828935146331787e-01
7.086282372474670410e-01
4.645183086395263672e-01
4.687713980674743652e-01
-7.271412611007690430e-01
7.047904729843139648e-01
3.592028319835662842e-01
-8.455809950828552246e-01
-4.594279527664184570e-01
6.259443163871765137e-01
6.591770052909851074e-01
-1.874160915613174438e-01
2.027583718299865723e-01
-7.945940643548965454e-02
3.391705453395843506e-01
1.890938133001327515e-01
-3.176897168159484863e-01
-3.342127501964569092e-01
-8.684872984886169434e-01
3.855937719345092773e-01
4.396649897098541260e-01
2.460769414901733398e-01
3.340383172035217285e-01
8.873285725712776184e-03
-2.818294465541839600e-01
6.144003868103027344e-01
