-5.226184725761413574e-01
3.655821084976196289e-01
5.866671204566955566e-01
-4.540320634841918945e-01
-3.515546321868896484e-01
-8.192215561866760254e-01
5.859619975090026855e-01
-2.204537242650985718e-01
-2.251394242048263550e-01
2.583519220352172852e-01
-6.766161918640136719e-01
4.203845858573913574e-01
-6.802995204925537109e-01
-5.151907205581665039e-01
3.731214106082916260e-01
-4.636229574680328369e-01
-4.346913099288940430e-01
-4.241016507148742676e-01
-2.230682373046875000e-01
-5.080898404121398926e-01
-9.640149474143981934e-01
-2.977780103683471680e-01
-6.949592828750610352e-01
-5.556748509407043457e-01
-9.191259741783142090e-01
8.729174137115478516e-01
8.283288478851318359e-01
-2.990966141223907471e-01
-3.461589515209197998e-01
3.630646467208862305e-01
