6.262746453285217285e-01
-2.091022580862045288e-02
3.670297265052795410e-01
-3.813060522079467773e-01
3.948916196823120117e-01
-6.403271555900573730e-01
-7.987483739852905273e-01
-7.542625069618225098e-03
6.624459028244018555e-01
9.685091972351074219e-01
5.373072028160095215e-01
6.407828330993652344e-01
-4.226250052452087402e-01
-2.544212043285369873e-01
4.364286363124847412e-01
1.470328420400619507e-01
-7.731815576553344727e-01
4.163641035556793213e-01
6.525979638099670410e-01
7.290485501289367676e-01
2.630860209465026855e-01
1.592354178428649902e-01
-7.500804066658020020e-01
2.085395604372024536e-01
3.205028176307678223e-01
-5.020519495010375977e-01
-2.678084671497344971e-01
5.902121067047119141e-01
1.380017250776290894e-01
6.866374015808105469e-01
