2.320381999015808105e-01
-2.335167862474918365e-02
5.537809059023857117e-02
-3.470217883586883545e-01
-4.434420168399810791e-02
1.911423653364181519e-01
1.596692055463790894e-01
-8.078637719154357910e-02
-4.177129864692687988e-01
2.304309457540512085e-01
8.772293105721473694e-03
-2.236849814653396606e-01
3.607344925403594971e-01
8.622033894062042236e-02
-4.157098829746246338e-01
3.154009282588958740e-01
-3.926983177661895752e-01
-1.547463983297348022e-01
9.478343278169631958e-02
3.188286721706390381e-02
2.208925038576126099e-01
2.871650755405426025e-01
-4.971041977405548096e-01
-6.463124155998229980e-01
5.807732939720153809e-01
6.255105733871459961e-01
2.738636732101440430e-01
-3.254719823598861694e-02
1.535399258136749268e-01
2.154588699340820312e-01
