1.927181780338287354e-01
5.098936557769775391e-01
4.810568094253540039e-01
2.791053652763366699e-01
3.551138639450073242e-01
2.732107043266296387e-01
-1.791801899671554565e-01
2.975178509950637817e-02
-5.172379612922668457e-01
3.257302045822143555e-01
2.580569386482238770e-01
-6.931422743946313858e-03
-1.623283922672271729e-01
3.124774992465972900e-01
-2.849209904670715332e-01
5.219040513038635254e-01
-3.339593112468719482e-01
-3.920952081680297852e-01
-2.025846987962722778e-01
-2.052145898342132568e-01
3.513520210981369019e-02
-2.393164671957492828e-03
-3.033719658851623535e-01
-2.251135855913162231e-01
-3.385184407234191895e-01
4.438227117061614990e-01
-4.711896553635597229e-02
-1.861518919467926025e-01
3.569356501102447510e-01
5.625556707382202148e-01
