2.570725083351135254e-01
3.442157506942749023e-01
-2.427810281515121460e-01
-3.814187347888946533e-01
-8.751174062490463257e-02
1.132030971348285675e-02
2.736501097679138184e-01
4.208935424685478210e-02
2.148786932229995728e-01
8.635506033897399902e-02
2.708199322223663330e-01
2.442758679389953613e-01
3.411058783531188965e-01
2.323705106973648071e-01
5.398923754692077637e-01
1.981714069843292236e-01
1.287748664617538452e-01
4.311524331569671631e-01
2.951068580150604248e-01
3.116751313209533691e-01
-3.200103342533111572e-01
2.376683242619037628e-02
2.191215157508850098e-01
-4.917512834072113037e-01
-2.067426890134811401e-01
-1.070384010672569275e-01
5.447849165648221970e-03
1.614066958427429199e-01
-1.528680622577667236e-01
4.071309566497802734e-01
