-1.143295392394065857e-01
9.998174011707305908e-02
7.668172568082809448e-02
-2.671985886991024017e-02
8.371506631374359131e-02
-3.648159652948379517e-02
-6.689677387475967407e-02
1.533584445714950562e-01
2.107197642326354980e-01
-1.278129518032073975e-01
-8.850489556789398193e-02
-8.992169052362442017e-02
-5.248719826340675354e-02
2.757328748703002930e-02
-8.197131007909774780e-02
1.696939468383789062e-01
1.225028783082962036e-01
-9.397280402481555939e-03
5.732233077287673950e-02
8.862615213729441166e-04
1.118524298071861267e-01
2.442650869488716125e-02
-1.276992112398147583e-01
7.506474107503890991e-02
1.482185274362564087e-01
-2.377277798950672150e-02
-3.238870203495025635e-02
1.563481539487838745e-01
6.845431029796600342e-02
-8.785977959632873535e-02
