3.950965106487274170e-01
8.377237915992736816e-01
1.003026962280273438e+00
-3.789243996143341064e-01
-3.192694783210754395e-01
1.444345619529485703e-02
5.895611047744750977e-01
-2.877581715583801270e-01
-1.026191830635070801e+00
-5.234671831130981445e-01
-5.403444766998291016e-01
5.740087628364562988e-01
-7.428763508796691895e-01
-6.977975368499755859e-01
9.095180034637451172e-01
-5.334648489952087402e-01
2.473301887512207031e-01
3.434479832649230957e-01
-2.039074003696441650e-01
-1.832618862390518188e-01
2.164084762334823608e-01
-1.585214585065841675e-01
2.306583970785140991e-01
4.272009730339050293e-01
4.538510441780090332e-01
8.169084787368774414e-01
-1.025470256805419922e+00
3.437237143516540527e-01
3.372598066926002502e-02
8.125994801521301270e-01
