1.417666375637054443e-01
-3.126900196075439453e-01
4.786688685417175293e-01
-5.675731897354125977e-01
-3.888860940933227539e-01
2.882029414176940918e-01
-7.673820257186889648e-01
2.541648745536804199e-01
1.130065694451332092e-01
2.907176911830902100e-01
-4.603007137775421143e-01
-3.771985173225402832e-01
2.500610053539276123e-01
-2.015016973018646240e-01
-7.019729167222976685e-02
3.226324915885925293e-01
6.453962922096252441e-01
5.851663947105407715e-01
-6.894233226776123047e-01
9.930989742279052734e-01
6.496456265449523926e-01
-1.314613223075866699e-01
-9.096851199865341187e-02
3.561905920505523682e-01
-4.749788343906402588e-01
-8.994751572608947754e-01
-2.150458842515945435e-01
7.054577469825744629e-01
2.132545411586761475e-01
4.635933935642242432e-01
