5.305748432874679565e-02
2.206172794103622437e-01
2.274288982152938843e-01
-6.292502880096435547e-01
-5.673188567161560059e-01
-4.975038766860961914e-01
1.034283936023712158e-01
-5.265058204531669617e-02
1.363811790943145752e-01
2.783584035933017731e-02
3.837106823921203613e-01
1.468901038169860840e-01
6.341112405061721802e-02
-5.161771178245544434e-01
-7.381324470043182373e-02
-1.879694759845733643e-01
7.094701528549194336e-01
3.256468847393989563e-02
3.601206839084625244e-01
2.162278890609741211e-01
5.622312426567077637e-01
4.055516123771667480e-01
8.327770978212356567e-02
-9.021114557981491089e-02
3.468693792819976807e-01
-4.241563677787780762e-01
1.065252050757408142e-01
-1.205721348524093628e-01
-1.741397231817245483e-01
-3.478782773017883301e-01
