2.061840444803237915e-01
3.207074403762817383e-01
-2.801038026809692383e-01
-2.461789101362228394e-01
2.014599554240703583e-02
-5.817797183990478516e-01
-9.598961472511291504e-02
-2.948557436466217041e-01
4.937691986560821533e-01
-1.202142238616943359e-01
4.553688466548919678e-01
-9.768514335155487061e-02
2.870098054409027100e-01
3.137535750865936279e-01
-2.120343595743179321e-01
-2.745608389377593994e-01
3.062730282545089722e-02
-2.000491470098495483e-01
2.186797112226486206e-01
1.119101718068122864e-01
-3.630966842174530029e-01
5.208427906036376953e-01
3.646390438079833984e-01
-1.327379643917083740e-01
-1.893954277038574219e-01
-2.496529817581176758e-01
-3.381058573722839355e-01
-1.110021844506263733e-01
-6.084974855184555054e-02
2.684899568557739258e-01
