5.614630579948425293e-01
3.927500247955322266e-01
3.688493371009826660e-01
4.609981477260589600e-01
6.215390563011169434e-01
-6.495527029037475586e-01
1.637970507144927979e-01
-7.786234021186828613e-01
-1.113290071487426758e+00
9.435603618621826172e-01
-9.233766794204711914e-01
5.491892099380493164e-01
-2.622261941432952881e-01
-6.244988441467285156e-01
-9.081324934959411621e-02
-6.571866869926452637e-01
-1.191963911056518555e+00
-2.503629028797149658e-01
1.107451617717742920e-01
8.786392398178577423e-03
1.262732502073049545e-02
2.654056549072265625e-01
6.264988183975219727e-01
-8.249761462211608887e-01
-2.936905622482299805e-01
5.904988851398229599e-03
3.567075729370117188e-01
1.437420696020126343e-01
-1.307387836277484894e-02
-2.008411437273025513e-01
