2.842058837413787842e-01
5.359850451350212097e-02
-1.273728255182504654e-02
7.099414616823196411e-02
-2.715337276458740234e-01
-1.136115938425064087e-01
4.728026986122131348e-01
2.446000128984451294e-01
-3.014088794589042664e-02
6.370618939399719238e-01
-4.061201214790344238e-01
1.257574409246444702e-01
-4.642093181610107422e-01
-3.080313652753829956e-02
-1.627424359321594238e-01
-7.094349861145019531e-01
-3.032440841197967529e-01
3.085627853870391846e-01
3.563707768917083740e-01
-1.931066960096359253e-01
-2.092774808406829834e-01
2.086812555789947510e-01
-2.541815638542175293e-01
4.959715530276298523e-02
-4.779759049415588379e-02
-6.458209156990051270e-01
-3.983252644538879395e-01
-2.435154467821121216e-01
1.531692147254943848e-01
1.985918432474136353e-01
