2.140653431415557861e-01
5.360837578773498535e-01
-3.705319762229919434e-02
4.119183719158172607e-01
-6.054976955056190491e-02
-1.972482055425643921e-01
1.227432042360305786e-01
1.684588789939880371e-01
-5.055742263793945312e-01
5.065053701400756836e-01
5.851744413375854492e-01
-2.532837390899658203e-01
-1.952833384275436401e-01
-1.089485436677932739e-01
-4.335349798202514648e-01
-1.281540095806121826e-01
-1.190553978085517883e-01
-2.482628971338272095e-01
-2.651313245296478271e-01
-6.698036193847656250e-01
-1.034860014915466309e-01
-2.398073375225067139e-01
4.837794005870819092e-01
-6.002235412597656250e-02
-3.264763355255126953e-01
-1.477116644382476807e-01
1.859150379896163940e-01
-5.088360309600830078e-01
1.324356436729431152e+00
-3.840219229459762573e-02
