2.468760311603546143e-01
-3.331089317798614502e-01
3.437307775020599365e-01
-2.487645000219345093e-01
-2.684333920478820801e-01
5.497012138366699219e-01
8.895649760961532593e-02
5.185836553573608398e-01
-5.278147459030151367e-01
1.636016070842742920e-01
3.520075976848602295e-01
-5.460438132286071777e-01
3.773924708366394043e-01
1.485317945480346680e-01
-1.563601046800613403e-01
-5.473992824554443359e-01
-3.034745752811431885e-01
6.031827926635742188e-01
1.352341026067733765e-01
-4.896663725376129150e-01
-4.113809466361999512e-01
-7.682366967201232910e-01
4.641533792018890381e-01
9.892772883176803589e-02
3.059578835964202881e-01
6.767098903656005859e-01
6.573231220245361328e-01
-7.227603197097778320e-01
-1.643411070108413696e-01
-7.957141995429992676e-01
