1.169801130890846252e-01
2.903185039758682251e-02
-2.513298988342285156e-01
3.252893388271331787e-01
-8.012924194335937500e-01
-4.814497828483581543e-01
-8.131142258644104004e-01
1.197103500366210938e+00
4.876493215560913086e-01
-5.678392648696899414e-01
8.562177419662475586e-01
1.563756912946701050e-01
-3.385597169399261475e-01
-2.008246183395385742e-01
-4.851925969123840332e-01
8.582894206047058105e-01
3.105231523513793945e-01
1.020453929901123047e+00
-7.442337870597839355e-01
1.109724789857864380e-01
3.148746788501739502e-01
8.504976332187652588e-02
5.207356810569763184e-01
2.181112319231033325e-01
-1.292769670486450195e+00
2.994508743286132812e-01
-5.365746617317199707e-01
-7.112762928009033203e-01
-9.127570390701293945e-01
3.240526914596557617e-01
