5.428443551063537598e-01
1.839560270309448242e-01
-3.340487778186798096e-01
-3.308335542678833008e-01
-1.254582405090332031e+00
-4.278540015220642090e-01
-1.380974054336547852e-01
-9.504638612270355225e-02
5.762652158737182617e-01
-1.251095771789550781e+00
-2.034441381692886353e-01
-2.298902571201324463e-01
-7.921720147132873535e-01
2.634015381336212158e-01
-5.126757621765136719e-01
5.674315094947814941e-01
1.193378806114196777e+00
2.041385024785995483e-01
5.764117091894149780e-02
7.303726077079772949e-01
-1.070679783821105957e+00
7.997907996177673340e-01
9.218158125877380371e-01
-1.383320450782775879e+00
-4.439018666744232178e-01
3.651869595050811768e-01
-6.386761665344238281e-01
-5.960863232612609863e-01
1.501585096120834351e-01
-6.220471858978271484e-01
