-6.789532303810119629e-01
2.268705517053604126e-01
4.085726141929626465e-01
1.248377412557601929e-01
2.417749166488647461e-01
-4.780331850051879883e-01
3.015741407871246338e-01
-4.329360127449035645e-01
-7.457710504531860352e-01
-3.439296483993530273e-01
4.384567737579345703e-01
-6.981096696108579636e-03
-3.904578387737274170e-01
5.120319873094558716e-02
3.469746708869934082e-01
6.254411935806274414e-01
3.209536671638488770e-01
3.912407755851745605e-01
-3.954445123672485352e-01
-6.182804703712463379e-01
2.864284217357635498e-01
-5.404059961438179016e-02
6.219333410263061523e-01
2.794801592826843262e-01
-6.662238836288452148e-01
-4.405143260955810547e-01
-3.554635345935821533e-01
3.754680752754211426e-01
-2.798743546009063721e-01
-1.036671638488769531e+00
