-1.379250735044479370e-01
2.548433467745780945e-02
-8.611755371093750000e-01
6.588207483291625977e-01
2.228526175022125244e-01
1.932844668626785278e-01
2.535844147205352783e-01
1.047867298126220703e+00
-5.709446072578430176e-01
-2.034714072942733765e-01
-4.918930530548095703e-01
2.528020143508911133e-01
-6.231753230094909668e-01
-7.567667961120605469e-01
9.462290406227111816e-01
9.443780779838562012e-02
1.007744193077087402e+00
-5.817702412605285645e-01
1.343117952346801758e-01
6.613322496414184570e-01
-5.033121705055236816e-01
-6.718832254409790039e-02
-8.378211855888366699e-01
1.948266774415969849e-01
-3.493841290473937988e-01
-1.465781688690185547e+00
4.015428423881530762e-01
-6.287718415260314941e-01
5.576981902122497559e-01
1.367813628166913986e-02
