1.684178709983825684e-01
-3.634447753429412842e-01
-9.205355495214462280e-02
-3.372450768947601318e-01
-6.769208312034606934e-01
-2.849147021770477295e-01
-5.579242110252380371e-01
1.238017305731773376e-01
6.182907614856958389e-03
6.219692826271057129e-01
-3.688160777091979980e-01
2.862100601196289062e-01
1.447988152503967285e-01
4.456761181354522705e-01
-1.446045935153961182e-01
3.556953370571136475e-01
1.569686383008956909e-01
-6.720981001853942871e-01
-4.555067121982574463e-01
8.018360137939453125e-01
3.702282011508941650e-01
4.429922997951507568e-01
5.075690746307373047e-01
-7.320756316184997559e-01
4.700442552566528320e-01
1.271045804023742676e-01
1.434478610754013062e-01
-1.886811852455139160e-01
-6.323688030242919922e-01
-5.537509918212890625e-02
