3.032174110412597656e-01
-3.973594903945922852e-01
2.943912446498870850e-01
6.437873840332031250e-01
1.776446551084518433e-01
-3.451415300369262695e-01
3.657933771610260010e-01
-1.542863547801971436e-01
-4.179029464721679688e-01
-5.615526437759399414e-01
-6.046040058135986328e-01
1.834251582622528076e-01
-2.664497196674346924e-01
-4.769128188490867615e-02
-3.011907339096069336e-01
-2.380553185939788818e-01
-1.010086655616760254e+00
-7.224753499031066895e-01
-2.375943511724472046e-01
-9.976752102375030518e-02
5.800027400255203247e-02
3.307169675827026367e-01
4.879516959190368652e-01
5.568705201148986816e-01
8.450364470481872559e-01
1.622374355792999268e-01
3.598693907260894775e-01
-4.220825433731079102e-01
-4.121036529541015625e-01
-4.483235180377960205e-01
