-2.911708950996398926e-01
-2.448037713766098022e-01
3.603619337081909180e-01
-6.694924831390380859e-01
-1.079136207699775696e-01
4.020802676677703857e-01
1.107974290847778320e+00
6.841503977775573730e-01
-2.861111164093017578e-01
8.973621577024459839e-02
4.236065149307250977e-01
7.038962095975875854e-02
1.490480303764343262e-01
-5.616688728332519531e-01
1.971288323402404785e-01
1.062264680862426758e+00
3.012268245220184326e-02
1.038444042205810547e+00
-2.539959251880645752e-01
2.990671992301940918e-01
-7.236822694540023804e-02
-4.011716693639755249e-02
-1.005513742566108704e-01
-1.783853918313980103e-01
-2.083790898323059082e-01
-2.059842050075531006e-01
7.018481492996215820e-01
-2.393858283758163452e-01
1.341731399297714233e-01
8.085796982049942017e-02
