2.508507966995239258e-01
7.279156893491744995e-02
-1.024943113327026367e+00
-5.412376523017883301e-01
-3.742670118808746338e-01
7.174130082130432129e-01
-1.736762672662734985e-01
9.052078127861022949e-01
1.041853070259094238e+00
4.249410629272460938e-01
-2.669333219528198242e-01
-1.924291402101516724e-01
9.988759756088256836e-01
-8.737677931785583496e-01
-2.406087517738342285e-01
3.819499909877777100e-01
7.935951948165893555e-01
-7.672266364097595215e-01
2.183030098676681519e-01
-1.224282532930374146e-01
1.105852603912353516e+00
-4.041601121425628662e-01
7.245839834213256836e-01
2.235561609268188477e-01
-4.295943379402160645e-01
-3.837979435920715332e-01
5.062555670738220215e-01
3.052739799022674561e-01
-6.708875298500061035e-01
7.775249481201171875e-01
