-3.044286072254180908e-01
2.300821244716644287e-01
-4.578544199466705322e-02
4.745110571384429932e-01
-9.825406223535537720e-02
-6.380675360560417175e-03
5.218068137764930725e-02
-1.884357743620057590e-06
-3.178062140941619873e-01
-7.825775444507598877e-02
-2.901196181774139404e-01
6.447068881243467331e-03
-1.666704565286636353e-01
-1.915539503097534180e-01
-1.064095124602317810e-01
-1.683215349912643433e-01
4.604870975017547607e-01
-1.627520769834518433e-01
1.194025874137878418e-01
-4.802076518535614014e-02
-2.940562181174755096e-02
-3.088625967502593994e-01
1.376147265546023846e-03
-6.091989278793334961e-01
-1.427868902683258057e-01
4.795415401458740234e-01
3.801351189613342285e-01
4.625329971313476562e-01
4.148307740688323975e-01
-4.673006534576416016e-01
