-5.742725357413291931e-02
-6.474511325359344482e-02
-1.177872195839881897e-01
7.266752123832702637e-01
-2.673656344413757324e-01
1.345547586679458618e-01
6.651132553815841675e-02
5.434714630246162415e-02
-1.676306277513504028e-01
3.913116753101348877e-01
1.649653464555740356e-01
3.243100643157958984e-01
-2.408605217933654785e-01
-1.255295146256685257e-02
-5.775211378931999207e-02
3.763255774974822998e-01
1.793653517961502075e-01
3.650960028171539307e-01
-8.281450718641281128e-03
-6.450340747833251953e-01
-1.638820469379425049e-01
6.750942021608352661e-02
-3.992826342582702637e-01
5.367956757545471191e-01
-1.847303062677383423e-01
-3.638988360762596130e-02
-2.856784500181674957e-02
1.027322709560394287e-01
-1.843717545270919800e-01
4.805235266685485840e-01
