-2.917930111289024353e-02
2.858146727085113525e-01
-2.278150916099548340e-01
2.879250347614288330e-01
4.946916829794645309e-03
4.616092443466186523e-01
2.800609469413757324e-01
-5.241949576884508133e-03
-2.078328728675842285e-01
7.299622893333435059e-02
3.870566487312316895e-01
-3.626109957695007324e-01
-3.307638168334960938e-01
-9.078145772218704224e-02
3.942932933568954468e-02
5.531544089317321777e-01
6.257271766662597656e-02
1.713711619377136230e-01
-2.169150561094284058e-01
1.092749238014221191e-01
-1.446408480405807495e-01
-3.390174210071563721e-01
4.119591414928436279e-01
-1.030175089836120605e-01
1.580819189548492432e-01
1.022805087268352509e-02
1.209349632263183594e-01
3.312854468822479248e-01
3.477654159069061279e-01
-5.360078215599060059e-01
