3.617117404937744141e-01
-5.644547566771507263e-02
-4.049542248249053955e-01
-7.854860424995422363e-01
-6.978725194931030273e-01
-3.089624643325805664e-01
-3.700411319732666016e-01
-8.402993679046630859e-01
-9.720658659934997559e-01
3.092375956475734711e-02
5.347955822944641113e-01
2.306264936923980713e-01
1.761410571634769440e-02
6.321300864219665527e-01
-2.524521946907043457e-01
5.378830432891845703e-01
-5.714850425720214844e-01
7.864243537187576294e-02
-2.742961049079895020e-01
-4.824119806289672852e-01
7.610962539911270142e-02
-2.819575369358062744e-01
-4.850784540176391602e-01
-3.160158693790435791e-01
-9.913423098623752594e-03
-2.509055435657501221e-01
-5.059808492660522461e-01
-1.445311069488525391e+00
-4.854329228401184082e-01
9.989634156227111816e-01
