-8.273337483406066895e-01
7.496812939643859863e-02
1.883115768432617188e-01
8.938546180725097656e-01
-5.072710514068603516e-01
3.293622732162475586e-01
3.840818703174591064e-01
-1.705173999071121216e-01
-4.039211571216583252e-01
3.360067307949066162e-01
4.117341637611389160e-01
-5.295653939247131348e-01
-4.670226573944091797e-01
-2.314215153455734253e-01
-3.200684785842895508e-01
3.773054480552673340e-01
-3.789547681808471680e-01
-4.547833204269409180e-01
-2.974434196949005127e-01
1.189519017934799194e-01
-2.909529805183410645e-01
-1.887862831354141235e-01
2.656999230384826660e-01
5.028402209281921387e-01
3.626631498336791992e-01
-1.259222775697708130e-01
1.998289078474044800e-01
7.556582801043987274e-03
-2.305754274129867554e-01
5.178739428520202637e-01
