1.775661408901214600e-01
3.652777075767517090e-01
1.119403094053268433e-01
4.385434687137603760e-01
-3.038952648639678955e-01
2.127532064914703369e-01
-3.802304565906524658e-01
3.116345703601837158e-01
4.071849957108497620e-02
-4.545955955982208252e-01
1.727685183286666870e-01
3.565702140331268311e-01
4.147540330886840820e-01
2.905191481113433838e-01
-2.802281081676483154e-01
2.580065727233886719e-01
1.113865748047828674e-01
6.216885447502136230e-01
4.053893685340881348e-01
9.273880720138549805e-02
-3.707468509674072266e-01
3.357299864292144775e-01
3.560721874237060547e-01
-1.092761605978012085e-01
-4.670632183551788330e-01
8.502230793237686157e-02
4.248449802398681641e-01
2.516902983188629150e-01
-2.959638833999633789e-01
-4.183947443962097168e-01
