1.987200379371643066e-01
3.234101831912994385e-01
-4.824444651603698730e-01
8.975077420473098755e-02
9.943421185016632080e-02
-3.820362687110900879e-02
-1.198353692889213562e-01
3.760630488395690918e-01
1.040993444621562958e-02
-2.430776357650756836e-01
-5.916349887847900391e-01
-3.669212758541107178e-02
8.231596648693084717e-02
-1.561520248651504517e-01
2.454722225666046143e-01
5.678490996360778809e-01
-6.539853811264038086e-01
-7.152031660079956055e-01
3.065506219863891602e-01
-2.533757090568542480e-01
-1.636114567518234253e-01
3.113512098789215088e-01
-1.306066364049911499e-01
-3.384227454662322998e-01
-1.832369416952133179e-01
-3.065263628959655762e-01
4.895946979522705078e-01
-1.424935162067413330e-01
-3.806284964084625244e-01
-6.707925200462341309e-01
