3.786522522568702698e-02
5.827585607767105103e-02
5.971433594822883606e-02
-2.941305004060268402e-02
2.910318784415721893e-02
5.379677191376686096e-02
6.984439492225646973e-02
5.571063607931137085e-02
1.337367296218872070e-01
1.420890837907791138e-01
-1.150434929877519608e-02
-7.929870486259460449e-02
-1.457103788852691650e-01
2.170336097478866577e-01
-3.638727590441703796e-02
8.101992309093475342e-02
-2.766166441142559052e-02
-2.698072418570518494e-02
-2.276427112519741058e-02
-7.463000714778900146e-02
2.957169711589813232e-02
3.458443284034729004e-02
6.688588857650756836e-02
-1.237895712256431580e-02
-4.385293647646903992e-02
1.579739451408386230e-01
1.256931424140930176e-01
7.467603683471679688e-02
1.357005834579467773e-01
1.325719505548477173e-01
