2.444215118885040283e-02
-3.460314869880676270e-01
-1.026843309402465820e+00
-3.838886916637420654e-01
-4.799142181873321533e-01
-5.644994974136352539e-01
-3.475347757339477539e-01
-2.671481072902679443e-01
-1.074781641364097595e-01
-2.999604940414428711e-01
3.925046622753143311e-01
-4.533956944942474365e-01
-2.490802407264709473e-01
3.909755349159240723e-01
-1.795001924037933350e-01
3.571701943874359131e-01
-2.203676402568817139e-01
1.127009391784667969e+00
5.022966265678405762e-01
-7.027050852775573730e-02
7.187456488609313965e-01
3.679143488407135010e-01
-1.454114437103271484e+00
-4.828782379627227783e-01
-1.035691380500793457e+00
2.080928832292556763e-01
-5.813825130462646484e-01
8.342109918594360352e-01
-1.771114021539688110e-01
2.227871119976043701e-01
