4.373347163200378418e-01
5.105609297752380371e-01
5.018222332000732422e-01
-3.350668251514434814e-01
-8.095847815275192261e-02
-6.602793335914611816e-01
8.578313142061233521e-02
-7.798804640769958496e-01
-2.414996176958084106e-01
-1.157508373260498047e+00
-8.884998410940170288e-02
6.432110667228698730e-01
9.863675832748413086e-01
-3.357549607753753662e-01
-3.359538912773132324e-01
2.900008261203765869e-01
-8.086072802543640137e-01
3.312730491161346436e-01
4.653418064117431641e-01
-5.751891136169433594e-01
3.048001825809478760e-01
3.827533870935440063e-02
-3.852404057979583740e-01
-1.822418719530105591e-01
8.489892482757568359e-01
7.797534465789794922e-01
-3.162137269973754883e-01
5.487679317593574524e-02
8.341075778007507324e-01
-4.557910263538360596e-01
