-7.338087558746337891e-01
8.669472485780715942e-02
4.773412048816680908e-01
-2.836716771125793457e-01
6.496856212615966797e-01
7.592836618423461914e-01
-4.614905118942260742e-01
-2.581190466880798340e-01
-8.558982014656066895e-01
-1.948781758546829224e-01
4.415246844291687012e-01
2.696466147899627686e-01
6.192219257354736328e-01
-1.537018567323684692e-01
3.182893693447113037e-01
4.577864706516265869e-01
-4.556419700384140015e-02
6.522896289825439453e-01
-3.298018574714660645e-01
-9.598513841629028320e-01
-5.066754817962646484e-01
2.697830200195312500e-01
1.215392589569091797e+00
6.299777030944824219e-01
-7.200650572776794434e-01
-5.894834995269775391e-01
1.452917009592056274e-01
-1.708590090274810791e-01
9.179580211639404297e-01
-3.375373780727386475e-01
