1.007290277630090714e-02
-9.340857863426208496e-01
-6.958345174789428711e-01
3.180643320083618164e-01
-7.710483670234680176e-01
-2.070380151271820068e-01
-4.131283164024353027e-01
2.449408322572708130e-01
-5.080707371234893799e-02
8.883358240127563477e-01
8.252729177474975586e-01
3.344930708408355713e-01
-1.352075815200805664e+00
-8.474785089492797852e-02
4.089975059032440186e-01
-4.858676195144653320e-01
-1.476479172706604004e-01
4.805048406124114990e-01
1.238528266549110413e-01
8.345894813537597656e-01
-5.662502646446228027e-01
9.902148246765136719e-01
-1.238307952880859375e-01
4.358632564544677734e-01
2.006241381168365479e-01
-3.090752363204956055e-01
5.379860997200012207e-01
6.359277963638305664e-01
-3.395693898200988770e-01
-9.214907288551330566e-01
