1.768076270818710327e-01
-3.454934060573577881e-01
6.970708966255187988e-01
9.802377969026565552e-02
9.928447604179382324e-01
-1.521635353565216064e-01
4.270684719085693359e-01
3.491109609603881836e-01
3.308017849922180176e-01
-1.376499980688095093e-01
-7.506530284881591797e-01
3.229069113731384277e-01
4.515098035335540771e-02
-3.308038413524627686e-01
2.269598394632339478e-01
-4.400941133499145508e-01
1.125142350792884827e-02
2.616689912974834442e-02
2.485346198081970215e-01
3.664924204349517822e-01
3.563777506351470947e-01
-3.181148171424865723e-01
-3.136765658855438232e-01
-1.634076237678527832e-01
-3.943555355072021484e-01
-2.082304209470748901e-01
1.064023375511169434e+00
-5.117179155349731445e-01
4.094564914703369141e-01
-2.418828904628753662e-01
