9.658265709877014160e-01
-5.066022276878356934e-01
7.533949613571166992e-02
-7.624209523200988770e-01
-2.772641777992248535e-01
-2.684158384799957275e-01
-3.286273181438446045e-01
-1.108166575431823730e+00
7.932389974594116211e-01
-6.732605695724487305e-01
1.886604428291320801e-01
2.953881025314331055e-01
-1.727016329765319824e+00
3.556952178478240967e-01
-6.848676204681396484e-01
-7.438402771949768066e-01
4.740754961967468262e-01
-4.778875038027763367e-02
5.870868563652038574e-01
-4.506050348281860352e-01
-9.850801527500152588e-02
9.670926928520202637e-01
4.385293722152709961e-01
1.428863048553466797e+00
5.082733631134033203e-01
-6.707723736763000488e-01
2.434535026550292969e-01
2.452942281961441040e-01
-2.816759943962097168e-01
-6.812117695808410645e-01
