-8.036197423934936523e-01
-3.152273893356323242e-01
-4.371001422405242920e-01
1.331269383430480957e+00
-5.546705424785614014e-02
6.732043623924255371e-01
1.786240786314010620e-01
-8.580486178398132324e-01
7.905069589614868164e-01
2.200650721788406372e-01
-7.666361331939697266e-01
-3.950924575328826904e-01
-2.863952517509460449e-01
1.507098078727722168e-01
5.083482265472412109e-01
-6.415192484855651855e-01
7.861745953559875488e-01
4.042083024978637695e-01
2.558298408985137939e-01
-1.858419299125671387e+00
1.106010153889656067e-01
4.203534424304962158e-01
-2.904035449028015137e-01
3.626947402954101562e-01
5.441943407058715820e-01
3.701874613761901855e-01
-2.445957809686660767e-01
1.978169232606887817e-01
-4.493571817874908447e-01
4.467969536781311035e-01
