4.899795055389404297e-01
-9.309908375144004822e-03
-2.308330982923507690e-01
-3.365727961063385010e-01
-7.105519175529479980e-01
-2.170587927103042603e-01
8.176332712173461914e-01
-3.348430991172790527e-01
-2.227589935064315796e-01
4.812215566635131836e-01
7.006374597549438477e-01
-5.244024991989135742e-01
6.588570475578308105e-01
4.765472710132598877e-01
-1.274028271436691284e-01
4.692254960536956787e-01
-5.264194607734680176e-01
-1.429406404495239258e-01
5.098414793610572815e-02
-3.865328133106231689e-01
7.305482625961303711e-01
7.389052510261535645e-01
4.542371332645416260e-01
4.273371398448944092e-01
1.729944944381713867e-01
5.251891016960144043e-01
-1.983766108751296997e-01
8.261862993240356445e-01
3.065687604248523712e-03
1.028268784284591675e-02
