-6.638661026954650879e-02
5.379973053932189941e-01
-6.098214983940124512e-01
1.041542440652847290e-01
5.423963069915771484e-01
-2.347556948661804199e-01
-1.926028430461883545e-01
-2.459377646446228027e-01
-4.309483468532562256e-01
7.701718211174011230e-01
4.407416284084320068e-01
3.228254020214080811e-01
-4.059644937515258789e-01
-7.048400044441223145e-01
-2.786102592945098877e-01
-3.582400083541870117e-01
-4.321823120117187500e-01
-5.181340575218200684e-01
-2.546426653861999512e-01
3.754585385322570801e-01
7.994697690010070801e-01
2.827478051185607910e-01
2.923867702484130859e-01
6.251623630523681641e-01
-1.105807796120643616e-01
5.900639295578002930e-01
-3.549402952194213867e-01
4.406401515007019043e-01
-3.315166532993316650e-01
9.087094664573669434e-02
