4.629023373126983643e-01
-6.863525509834289551e-01
4.854023456573486328e-01
3.151997029781341553e-01
-4.123570322990417480e-01
-1.411214321851730347e-01
-9.937525540590286255e-02
2.168156802654266357e-01
-3.319534957408905029e-01
1.831644177436828613e-01
-2.908012866973876953e-01
-8.284799456596374512e-01
-5.279487967491149902e-01
-1.537332415580749512e+00
-2.415788024663925171e-01
6.338872313499450684e-01
-2.788673639297485352e-01
1.311712145805358887e+00
-5.315177142620086670e-02
-3.129080832004547119e-01
2.545577473938465118e-02
5.908500775694847107e-02
3.123064711689949036e-02
-2.942971885204315186e-01
3.981526196002960205e-02
-2.518126964569091797e-01
-1.764498203992843628e-01
-7.029616832733154297e-01
-3.201722800731658936e-01
-3.453892469406127930e-01
