4.429893791675567627e-01
-7.289863824844360352e-01
-4.661711454391479492e-01
-6.363064050674438477e-02
-3.027872443199157715e-01
1.040947556495666504e+00
1.042947292327880859e+00
-6.322931498289108276e-02
-1.470010075718164444e-02
1.437950730323791504e-01
-4.114731401205062866e-02
-3.730373680591583252e-01
-7.899738848209381104e-02
2.478760480880737305e-01
5.132150053977966309e-01
-2.936340570449829102e-01
1.130528569221496582e+00
-2.948927283287048340e-01
-2.526572942733764648e-01
4.530766047537326813e-03
6.762050390243530273e-01
-6.607559323310852051e-01
3.728092834353446960e-02
1.970210224390029907e-01
-6.873191893100738525e-02
-1.965672522783279419e-01
-6.972477436065673828e-01
-5.733178853988647461e-01
-9.164662659168243408e-02
-6.011397242546081543e-01
