-5.035614371299743652e-01
-4.748812019824981689e-01
-7.766968011856079102e-02
-7.575160264968872070e-01
-5.316386371850967407e-02
-3.948312997817993164e-01
-3.975919485092163086e-01
3.784609735012054443e-01
2.098607867956161499e-01
2.212043404579162598e-01
4.292110502719879150e-01
-8.652667999267578125e-01
7.072107195854187012e-01
8.414105772972106934e-01
-9.638850688934326172e-01
-6.146737933158874512e-01
2.197352796792984009e-01
-2.939637191593647003e-02
6.442583203315734863e-01
-2.694785594940185547e-01
-6.453816592693328857e-02
5.335622429847717285e-01
1.152312397956848145e+00
8.030954003334045410e-01
-2.494747191667556763e-01
2.151206508278846741e-02
6.009441018104553223e-01
-9.212704300880432129e-01
-6.546891927719116211e-01
-1.301906704902648926e-01
