-5.654768943786621094e-01
-3.733936548233032227e-01
5.648607611656188965e-01
4.969194531440734863e-01
-4.780727028846740723e-01
-2.155192792415618896e-01
5.671146512031555176e-01
6.287480592727661133e-01
2.003464251756668091e-01
2.985559403896331787e-01
1.719834506511688232e-01
-6.390033960342407227e-01
2.764404565095901489e-02
-7.453611493110656738e-02
-9.224997460842132568e-02
4.024697840213775635e-02
4.044883251190185547e-01
-3.822311758995056152e-01
5.334036350250244141e-01
5.207178592681884766e-01
4.574356377124786377e-01
6.544824838638305664e-01
2.493967860937118530e-01
7.326338291168212891e-01
-8.255913257598876953e-01
1.026466369628906250e+00
-6.145720481872558594e-01
8.973745107650756836e-01
-1.011145338416099548e-01
6.436932086944580078e-01
