-6.237767636775970459e-02
-7.736456394195556641e-01
2.898848652839660645e-01
4.990471899509429932e-01
1.446859389543533325e-01
-5.132861733436584473e-01
6.414306759834289551e-01
7.963306307792663574e-01
-7.932664752006530762e-01
-8.141250610351562500e-01
2.028203606605529785e-01
6.365483403205871582e-01
4.385190308094024658e-01
3.299868404865264893e-01
-4.364240765571594238e-01
3.829385042190551758e-01
-5.915393233299255371e-01
1.096482515335083008e+00
-2.275311797857284546e-01
1.983026862144470215e-01
-1.210407093167304993e-01
7.728230953216552734e-01
-6.155000329017639160e-01
-5.309755802154541016e-01
1.035865321755409241e-01
5.853669643402099609e-01
-6.978706121444702148e-01
4.138506650924682617e-01
1.769296973943710327e-01
-6.456331014633178711e-01
