-3.860967755317687988e-01
4.421949684619903564e-01
4.310869872570037842e-01
-4.859156310558319092e-01
-9.324232339859008789e-01
2.349773198366165161e-01
-6.749286055564880371e-01
-4.791890084743499756e-01
5.806131958961486816e-01
8.324413895606994629e-01
3.336686789989471436e-01
-1.584511697292327881e-01
2.372726947069168091e-01
-5.957275629043579102e-01
6.722187995910644531e-01
-4.220410883426666260e-01
-7.717843651771545410e-01
5.159118175506591797e-01
-5.363323688507080078e-01
3.301441967487335205e-01
-9.838430285453796387e-01
8.177086710929870605e-01
9.387316107749938965e-01
-2.517845034599304199e-01
1.581165313720703125e+00
1.348624080419540405e-01
-3.805483281612396240e-01
-1.431464999914169312e-01
-1.800193786621093750e-01
-3.379937410354614258e-01
