-5.432012081146240234e-01
2.079740166664123535e-01
-6.679646372795104980e-01
-4.035212695598602295e-01
-6.532558202743530273e-01
1.186282038688659668e+00
4.562331140041351318e-01
8.149825334548950195e-01
-5.755574703216552734e-01
2.106253802776336670e-01
-4.763919711112976074e-01
5.053400397300720215e-01
6.021321415901184082e-01
-3.595410883426666260e-01
-4.743080139160156250e-01
6.447168588638305664e-01
-1.334267556667327881e-01
-8.711155652999877930e-01
5.749694108963012695e-01
8.225632309913635254e-01
1.950163096189498901e-01
5.068918466567993164e-01
-7.397633194923400879e-01
8.352925181388854980e-01
-9.458999037742614746e-01
-6.211572885513305664e-01
5.577471852302551270e-01
-3.085452318191528320e-01
-7.622116804122924805e-01
4.183574616909027100e-01
