1.815391778945922852e-01
5.045945048332214355e-01
-1.846621483564376831e-01
1.457077264785766602e-01
6.951574236154556274e-02
1.173746585845947266e-02
-9.018854051828384399e-02
6.104412674903869629e-01
-1.815378963947296143e-01
7.692952156066894531e-01
3.889198303222656250e-01
-4.197877943515777588e-01
1.174995675683021545e-01
-1.603261828422546387e-01
-3.152316212654113770e-01
-1.048922762274742126e-01
1.094087719917297363e+00
-7.025885581970214844e-01
2.945286631584167480e-01
2.420101165771484375e-01
-1.640008389949798584e-02
3.444530367851257324e-01
-7.601749897003173828e-01
9.720782637596130371e-01
1.000692605972290039e+00
-1.046515554189682007e-01
-1.768223345279693604e-01
-7.080358266830444336e-01
5.457895994186401367e-01
-2.632751166820526123e-01
