3.047746419906616211e-01
9.287971258163452148e-02
1.520381718873977661e-01
-6.266781687736511230e-02
1.778668761253356934e-01
-6.529758125543594360e-02
3.000041842460632324e-01
-2.816750109195709229e-01
-3.734155297279357910e-01
-7.339341938495635986e-02
-2.843138575553894043e-01
2.902538180351257324e-01
9.973265975713729858e-02
9.280733019113540649e-02
4.203238785266876221e-01
1.256716698408126831e-01
2.750786542892456055e-01
1.281036436557769775e-01
2.741917669773101807e-01
2.282208204269409180e-01
-2.251545786857604980e-01
-5.587035324424505234e-03
-1.701018959283828735e-01
-6.825064122676849365e-02
2.081698030233383179e-01
-5.853931978344917297e-02
2.923208475112915039e-01
5.807173624634742737e-02
-9.252046793699264526e-02
4.166901111602783203e-01
