8.734007924795150757e-02
9.773205965757369995e-02
-3.698483705520629883e-01
-3.929699063301086426e-01
6.200197339057922363e-01
-2.571545839309692383e-01
-5.078958272933959961e-01
-6.529889702796936035e-01
-6.716610193252563477e-01
5.949880555272102356e-02
5.351525545120239258e-01
-3.119240403175354004e-01
9.767029285430908203e-01
4.589281231164932251e-02
9.253224730491638184e-01
4.071696102619171143e-01
-7.822338342666625977e-01
5.426011681556701660e-01
-4.658298194408416748e-02
8.497588634490966797e-01
-2.852430641651153564e-01
-4.093195796012878418e-01
-2.990205883979797363e-01
-3.381725549697875977e-01
8.721016645431518555e-01
-8.347375392913818359e-01
6.918841600418090820e-01
3.061787486076354980e-01
1.965909600257873535e-01
1.983809322118759155e-01
