8.140586614608764648e-01
-1.081754714250564575e-01
5.984202027320861816e-03
-5.428922176361083984e-01
-2.632595300674438477e-01
-1.088846325874328613e+00
3.912893533706665039e-01
2.347825467586517334e-02
-1.370167583227157593e-01
4.100953340530395508e-01
-4.301334619522094727e-01
3.040446043014526367e-01
-8.803775906562805176e-01
6.339079141616821289e-01
-8.592507839202880859e-01
4.794164597988128662e-01
-7.690753936767578125e-01
-2.985243201255798340e-01
-8.397003412246704102e-01
1.233482584357261658e-01
1.771546900272369385e-01
-1.508438825607299805e+00
1.721854209899902344e-01
-4.266108572483062744e-02
-6.732344627380371094e-01
4.589601755142211914e-01
-3.814728856086730957e-01
-9.839626401662826538e-02
-1.228347420692443848e+00
-1.425068229436874390e-01
