-4.710625410079956055e-01
-3.889487981796264648e-01
-9.026963114738464355e-01
-1.239868700504302979e-01
-4.786191582679748535e-01
-5.369349122047424316e-01
-2.526003122329711914e-01
-1.149343475699424744e-01
5.162587165832519531e-01
-5.315076708793640137e-01
-6.973981261253356934e-01
2.488026767969131470e-01
1.352297663688659668e-01
4.049391150474548340e-01
-5.671868920326232910e-01
-2.699714601039886475e-01
9.928675889968872070e-01
-4.822579622268676758e-01
3.906053677201271057e-02
1.308552026748657227e-01
6.356041431427001953e-01
5.701270103454589844e-01
-7.523421645164489746e-01
-3.883798122406005859e-01
-7.999508082866668701e-02
-6.441367268562316895e-01
7.752467393875122070e-01
4.160759449005126953e-01
1.770370155572891235e-01
-3.002400398254394531e-01
