7.704827785491943359e-01
-5.937349200248718262e-01
-1.705982089042663574e-01
-1.026725769042968750e+00
5.066033601760864258e-01
2.664565742015838623e-01
6.995344758033752441e-01
6.086267232894897461e-01
-9.019564986228942871e-01
-2.965798974037170410e-01
-2.907157503068447113e-02
-2.077029198408126831e-01
-6.805751919746398926e-01
-5.332100018858909607e-02
2.436556965112686157e-01
3.566426038742065430e-01
5.316770672798156738e-01
7.288073897361755371e-01
-1.152759939432144165e-01
1.440544724464416504e-01
-7.156209647655487061e-02
2.322134971618652344e-01
-4.395451247692108154e-01
5.076080933213233948e-02
5.601207613945007324e-01
-5.211338996887207031e-01
-5.677899718284606934e-01
-3.293659090995788574e-01
-6.699079275131225586e-01
4.194759726524353027e-01
