-1.071312427520751953e+00
3.916185796260833740e-01
-5.498023033142089844e-01
-7.358801960945129395e-01
-3.880932927131652832e-01
3.249076604843139648e-01
6.736994385719299316e-01
-2.594680488109588623e-01
4.187124371528625488e-01
4.686895012855529785e-01
1.070702821016311646e-02
9.179470539093017578e-01
-1.674508601427078247e-01
8.111761212348937988e-01
-1.365039110183715820e+00
-1.235184311866760254e+00
3.202340006828308105e-01
-9.226028323173522949e-01
-6.487844586372375488e-01
4.919285178184509277e-01
-4.091238379478454590e-01
2.763370871543884277e-01
-1.119599416851997375e-01
4.954347312450408936e-01
-6.911491155624389648e-01
-9.438835829496383667e-02
-5.479851365089416504e-01
6.240727901458740234e-01
-1.809451878070831299e-01
-6.296491026878356934e-01
