-4.689077138900756836e-01
-4.530847966670989990e-01
-1.853741854429244995e-01
8.490002155303955078e-01
4.974022209644317627e-01
9.835444092750549316e-01
-7.290369272232055664e-02
-2.308067083358764648e-01
-7.810504734516143799e-02
-2.552960216999053955e-01
9.537799656391143799e-02
5.121029615402221680e-01
4.395369440317153931e-02
6.679484248161315918e-02
3.986158370971679688e-01
3.366781473159790039e-01
-5.464334487915039062e-01
1.560895889997482300e-01
-8.091929554939270020e-01
5.654205083847045898e-01
3.861097395420074463e-01
-2.315331846475601196e-01
-5.443782210350036621e-01
5.160211324691772461e-01
-4.564147293567657471e-01
2.227727472782135010e-01
7.033786773681640625e-01
-1.268278621137142181e-02
-1.380078434944152832e+00
-5.116950273513793945e-01
