-3.869142532348632812e-01
8.211757056415081024e-03
-1.085951685905456543e+00
2.240891605615615845e-01
2.160829007625579834e-01
-5.134954452514648438e-01
5.261191725730895996e-01
-4.658704251050949097e-02
-4.428277611732482910e-01
-6.956873536109924316e-01
-7.100885510444641113e-01
3.596883118152618408e-01
3.693725913763046265e-02
-2.702242136001586914e-01
-2.906991541385650635e-01
3.410377204418182373e-01
1.038780689239501953e+00
3.572060465812683105e-01
-4.920057356357574463e-01
6.217488646507263184e-01
8.290953040122985840e-01
2.463229596614837646e-01
-4.055453538894653320e-01
2.912188470363616943e-01
2.197273820638656616e-01
4.393981993198394775e-01
4.143507778644561768e-01
-1.778600513935089111e-01
2.100087702274322510e-01
-7.184922099113464355e-01
