-9.411976337432861328e-01
-1.945685148239135742e-01
-8.714874982833862305e-01
-9.909369796514511108e-02
6.846765875816345215e-01
-2.871207296848297119e-01
-7.266523241996765137e-01
-3.754244744777679443e-01
9.908789396286010742e-02
-2.000506520271301270e-01
-9.142270311713218689e-03
-1.785179227590560913e-02
7.961519062519073486e-02
-5.532865524291992188e-01
-8.170613646507263184e-01
6.594357490539550781e-01
7.149949073791503906e-01
-1.627569347620010376e-01
2.487534731626510620e-01
-5.323396325111389160e-01
2.050833702087402344e-01
-2.993427030742168427e-02
1.927689313888549805e-01
-3.106018900871276855e-01
-2.196491807699203491e-01
-7.316420674324035645e-01
6.941574215888977051e-01
8.167065382003784180e-01
-3.951500058174133301e-01
7.888280749320983887e-01
