4.442929923534393311e-01
4.993380606174468994e-01
1.251147780567407608e-02
3.893476128578186035e-01
4.712698459625244141e-01
2.763677760958671570e-02
2.016491442918777466e-01
6.844021081924438477e-01
-3.653252720832824707e-01
5.101673007011413574e-01
8.705206960439682007e-02
6.702338904142379761e-02
3.513057157397270203e-02
2.204364985227584839e-01
6.487731933593750000e-01
6.046102643013000488e-01
2.686809897422790527e-01
4.145434200763702393e-01
-2.170371860265731812e-01
4.291565716266632080e-01
3.737204670906066895e-01
-2.160162478685379028e-01
-4.976995587348937988e-01
-4.603621363639831543e-01
-4.391433596611022949e-01
-7.088783383369445801e-01
-4.911702498793601990e-02
3.168056905269622803e-01
-7.394894957542419434e-01
-2.820617556571960449e-01
