-1.608288735151290894e-01
-1.611429154872894287e-01
1.282379180192947388e-01
-1.422386318445205688e-01
-2.980879843235015869e-01
4.033017754554748535e-01
-5.602041482925415039e-01
-7.002457380294799805e-01
-4.162194579839706421e-02
6.726644039154052734e-01
2.306218296289443970e-01
5.793989300727844238e-01
2.053663432598114014e-01
5.280598998069763184e-01
-8.535730242729187012e-01
-1.283772885799407959e-01
4.012407064437866211e-01
4.849310219287872314e-01
-1.939283162355422974e-01
1.968694627285003662e-01
4.132514297962188721e-01
7.182996869087219238e-01
5.132593512535095215e-01
-5.547010898590087891e-01
-1.136301040649414062e+00
-5.705080032348632812e-01
-4.420680105686187744e-01
4.727830588817596436e-01
-7.216720283031463623e-02
1.172918230295181274e-01
