2.605061233043670654e-01
-6.685352325439453125e-02
2.755995094776153564e-01
-4.973279312252998352e-02
-1.709773093461990356e-01
5.722938179969787598e-01
-3.660503327846527100e-01
-4.700127840042114258e-01
8.168106675148010254e-01
6.775231957435607910e-01
4.308870434761047363e-01
3.124601244926452637e-01
-1.821357160806655884e-01
-1.495806425809860229e-01
-2.249831706285476685e-01
-1.642559170722961426e-01
3.194402754306793213e-01
-1.459439657628536224e-02
-4.449194073677062988e-01
7.145576179027557373e-02
-5.150613784790039062e-01
2.275142073631286621e-01
4.342546761035919189e-01
1.122418418526649475e-01
-3.567388057708740234e-01
2.084086537361145020e-01
1.267409175634384155e-01
-1.315216422080993652e-01
-3.735207319259643555e-01
2.322010844945907593e-01
