2.972064018249511719e-01
-1.655125170946121216e-01
1.456685480661690235e-03
2.692054510116577148e-01
-3.518142998218536377e-01
6.402345895767211914e-01
3.301506340503692627e-01
3.014230728149414062e-01
-4.522674083709716797e-01
-4.821823239326477051e-01
-3.338944911956787109e-01
-1.268580108880996704e-01
1.648809574544429779e-02
5.887261033058166504e-01
-6.924512386322021484e-01
3.162433207035064697e-01
-2.939281761646270752e-01
-5.720711350440979004e-01
-5.293361544609069824e-01
5.281392112374305725e-02
1.269846111536026001e-01
2.339468598365783691e-01
3.672945797443389893e-01
3.932107090950012207e-01
3.591538369655609131e-01
-1.735531240701675415e-01
2.715487182140350342e-01
5.707846283912658691e-01
-3.264435827732086182e-01
1.227712165564298630e-02
