-1.908317673951387405e-03
-1.584592610597610474e-01
-5.701069831848144531e-01
2.792418934404850006e-02
1.939999610185623169e-01
9.378100186586380005e-02
-3.609018325805664062e-01
1.435130089521408081e-01
-3.136146068572998047e-02
-1.463058441877365112e-01
9.969476610422134399e-02
-2.262420207262039185e-01
3.511942327022552490e-01
6.501502543687820435e-02
-3.369401022791862488e-02
-2.592456042766571045e-01
-1.691745370626449585e-01
4.446449130773544312e-02
-4.203255102038383484e-02
1.267372667789459229e-01
-2.361814677715301514e-01
-1.937684603035449982e-02
-5.422025173902511597e-02
-1.782556176185607910e-01
7.601869106292724609e-02
2.935780286788940430e-01
-1.181177645921707153e-01
4.032944738864898682e-01
-1.759195923805236816e-01
4.822944104671478271e-02
