-3.422864973545074463e-01
4.568290412425994873e-01
1.545059084892272949e-01
3.026148080825805664e-01
-4.548848373815417290e-04
2.971338108181953430e-03
2.363077178597450256e-02
-5.044420957565307617e-01
1.256223767995834351e-01
1.546283960342407227e-01
-4.757807850837707520e-01
4.362760484218597412e-01
-2.228689938783645630e-01
1.706120520830154419e-01
-2.960060350596904755e-02
-4.239729642868041992e-01
-1.155503541231155396e-01
-5.090043544769287109e-01
2.159848809242248535e-01
3.457303643226623535e-01
-1.899505257606506348e-01
-3.015606701374053955e-01
2.224020361900329590e-01
-2.689729630947113037e-01
-3.958868086338043213e-01
5.157253742218017578e-01
-3.270546793937683105e-01
1.759494990110397339e-01
9.117797017097473145e-02
3.175373375415802002e-01
