6.973233819007873535e-01
7.609989047050476074e-01
-3.020862638950347900e-01
2.297027260065078735e-01
5.375618338584899902e-01
-4.668411016464233398e-01
-9.602639675140380859e-01
2.394566982984542847e-01
6.005342602729797363e-01
-3.873684406280517578e-01
-5.949761271476745605e-01
-5.460084080696105957e-01
-1.149314418435096741e-01
5.994804501533508301e-01
6.335924267768859863e-01
-2.574464082717895508e-01
-8.817504644393920898e-01
-8.840838447213172913e-03
-4.521288573741912842e-01
-5.535484552383422852e-01
6.995590329170227051e-01
-5.024145841598510742e-01
5.913175344467163086e-01
5.469752550125122070e-01
4.792120754718780518e-01
-6.118007898330688477e-01
-6.330580711364746094e-01
-1.162103489041328430e-01
2.083778828382492065e-01
-1.705474853515625000e-01
