2.117767781019210815e-01
-3.923334777355194092e-01
7.350619137287139893e-02
-3.843438327312469482e-01
2.320918887853622437e-01
-5.278757214546203613e-01
2.787388563156127930e-01
-4.532951489090919495e-02
2.597817778587341309e-01
3.686872720718383789e-01
-1.700654029846191406e-01
-2.360022962093353271e-01
2.366958558559417725e-01
5.120897889137268066e-01
-1.243650168180465698e-01
2.114865370094776154e-02
-2.961791157722473145e-01
-8.031967282295227051e-02
-2.384770959615707397e-01
-3.157318830490112305e-01
-2.322828471660614014e-01
-2.327882945537567139e-01
3.400261998176574707e-01
2.297804951667785645e-01
-2.963357269763946533e-01
1.450578868389129639e-01
-3.514514863491058350e-01
3.543843328952789307e-01
1.263782680034637451e-01
-1.443434953689575195e-01
