-1.309553384780883789e-01
2.976427972316741943e-01
4.272681176662445068e-01
-2.648556232452392578e-01
-6.417824625968933105e-01
4.247184097766876221e-02
2.487254291772842407e-01
-6.132329702377319336e-01
1.883333921432495117e-01
7.071214318275451660e-01
-5.584555268287658691e-01
-2.932869791984558105e-01
-1.006610840559005737e-01
-2.407828271389007568e-01
4.677230119705200195e-01
1.439183205366134644e-01
-1.373966187238693237e-01
-1.058348938822746277e-01
2.800942361354827881e-01
3.952429105993360281e-04
-3.487663567066192627e-01
-1.809954643249511719e-01
3.117748200893402100e-01
1.232615392655134201e-02
1.296520084142684937e-01
-2.295513302087783813e-01
2.696567177772521973e-01
-9.814750403165817261e-02
9.361753612756729126e-02
3.627119958400726318e-02
