3.482741117477416992e-01
-4.280803799629211426e-01
3.615965247154235840e-01
-6.706978678703308105e-01
3.130002319812774658e-01
-6.794521212577819824e-01
2.749114111065864563e-02
4.695829749107360840e-01
-4.092147052288055420e-01
-2.438702434301376343e-01
-7.084927055984735489e-04
3.876072540879249573e-02
1.209040284156799316e-01
-4.628537297248840332e-01
5.912755057215690613e-02
8.004121184349060059e-01
1.692617125809192657e-02
-8.142948150634765625e-01
-7.499884963035583496e-01
4.860996007919311523e-01
4.054896533489227295e-01
-6.756601929664611816e-01
7.808060646057128906e-01
6.710466146469116211e-01
4.608106240630149841e-02
-8.314663916826248169e-02
4.409583806991577148e-01
2.750652432441711426e-01
-2.114458680152893066e-01
1.414660457521677017e-02
