5.784232020378112793e-01
4.214156270027160645e-01
2.097207903861999512e-01
8.540676832199096680e-01
-6.472129225730895996e-01
-2.583774328231811523e-01
-3.672465384006500244e-01
-8.228947520256042480e-01
-4.730564057826995850e-01
-8.240483999252319336e-01
8.062717914581298828e-01
-2.018557190895080566e-01
4.554570019245147705e-01
2.551059424877166748e-01
-7.272417545318603516e-01
5.433239340782165527e-01
-7.274068593978881836e-01
-6.675559282302856445e-01
-8.812827467918395996e-01
-1.748154759407043457e-01
4.159142374992370605e-01
3.695588409900665283e-01
6.605947017669677734e-01
-5.110115408897399902e-01
-5.112844705581665039e-01
-5.240889191627502441e-01
1.556369811296463013e-01
-3.992222845554351807e-01
-6.830405592918395996e-01
-4.777424931526184082e-01
