-6.233202293515205383e-02
5.015934109687805176e-01
-4.946031272411346436e-01
6.666811108589172363e-01
-3.853509128093719482e-01
7.342231869697570801e-01
8.217421174049377441e-02
-4.867094755172729492e-01
7.580142021179199219e-01
-4.728884398937225342e-01
-5.874331593513488770e-01
-2.310261577367782593e-01
4.714260399341583252e-01
-6.594306230545043945e-01
-1.022243380546569824e+00
-1.770857423543930054e-01
-1.010974645614624023e+00
-1.250434398651123047e+00
-6.915615797042846680e-01
-8.625019788742065430e-01
1.030537784099578857e-01
-6.567453742027282715e-01
7.258938550949096680e-01
-2.483808398246765137e-01
-8.565776944160461426e-01
5.799928903579711914e-01
-1.219080567359924316e+00
-6.406047940254211426e-01
-5.406596660614013672e-01
-2.941541373729705811e-01
