-2.558772563934326172e-01
-3.820690512657165527e-01
-5.845018029212951660e-01
6.005476042628288269e-02
-3.740595281124114990e-01
-8.969008922576904297e-01
-6.291737556457519531e-01
-4.234783053398132324e-01
6.998686790466308594e-01
-6.271184682846069336e-01
8.936540484428405762e-01
-7.749812602996826172e-01
-3.006955385208129883e-01
5.085332393646240234e-01
5.920391678810119629e-01
-6.278554797172546387e-01
-1.041504025459289551e+00
4.789909720420837402e-01
6.901725530624389648e-01
2.673247754573822021e-01
-2.867369353771209717e-01
-5.168448090553283691e-01
7.847545146942138672e-01
-2.790623009204864502e-01
3.571217656135559082e-01
-1.037617996335029602e-01
5.486765503883361816e-01
-4.772774875164031982e-01
-6.630529761314392090e-01
-3.774563074111938477e-01
