-8.280550241470336914e-01
1.991350799798965454e-01
2.080787904560565948e-02
9.060395956039428711e-01
-7.193906307220458984e-01
-7.434000968933105469e-01
8.078052997589111328e-01
6.191220283508300781e-01
-1.186949387192726135e-02
7.025200724601745605e-01
-4.734368622303009033e-01
2.285747975111007690e-01
-6.392325162887573242e-01
5.007288455963134766e-01
7.235689759254455566e-01
-7.871270179748535156e-01
3.378618955612182617e-01
-2.952509224414825439e-01
-4.079516232013702393e-01
-3.442173004150390625e-01
-7.855785489082336426e-01
-1.819936335086822510e-01
5.636566281318664551e-01
2.253291457891464233e-01
-5.811168551445007324e-01
-6.402941942214965820e-01
-6.941288709640502930e-01
-4.702765122056007385e-02
5.427763462066650391e-01
-3.655575513839721680e-01
