9.952186346054077148e-01
-7.556276917457580566e-01
3.037327826023101807e-01
3.875035941600799561e-01
-2.844208478927612305e-01
-6.770901847630739212e-03
6.250699758529663086e-01
-6.158030033111572266e-01
5.698146224021911621e-01
-6.037779450416564941e-01
-6.340638399124145508e-01
2.393206655979156494e-01
5.712868645787239075e-02
-5.407767295837402344e-01
-7.946882396936416626e-02
6.256876587867736816e-01
4.844433069229125977e-01
1.041737318038940430e+00
-9.115057587623596191e-01
3.780260086059570312e-01
3.746183812618255615e-01
-1.215891480445861816e+00
4.311378002166748047e-01
-6.960272192955017090e-01
2.434479594230651855e-01
-3.732155859470367432e-01
2.986901104450225830e-01
-1.715739667415618896e-01
7.217445373535156250e-01
-2.328686267137527466e-01
