-8.863879442214965820e-01
6.436310708522796631e-02
-5.804387927055358887e-01
-3.848578929901123047e-01
-5.539058446884155273e-01
-5.694031715393066406e-01
-2.600106894969940186e-01
7.663242220878601074e-01
9.177593141794204712e-02
3.032591342926025391e-01
-2.876459360122680664e-01
3.847463726997375488e-01
8.164197802543640137e-01
1.173418909311294556e-01
-1.013714969158172607e-01
1.749394834041595459e-01
2.420098930597305298e-01
-4.694100320339202881e-01
3.148829340934753418e-01
-5.913954377174377441e-01
1.809406280517578125e-01
5.565665960311889648e-01
3.291125893592834473e-01
-8.108812570571899414e-02
-6.140175461769104004e-01
3.972697556018829346e-01
-2.738783657550811768e-01
8.262103199958801270e-01
-2.723575532436370850e-01
4.390550553798675537e-01
