-7.422868609428405762e-01
7.515397667884826660e-01
2.829950451850891113e-01
2.046302556991577148e-01
8.772368431091308594e-01
1.881624162197113037e-01
-9.301389455795288086e-01
3.341272473335266113e-01
8.040217310190200806e-02
-6.387302279472351074e-01
-1.005975808948278427e-02
-5.356166958808898926e-01
-2.442392110824584961e-01
-2.226631194353103638e-01
-1.226342990994453430e-01
6.777970790863037109e-01
-7.264134883880615234e-01
9.183530211448669434e-01
-1.202863380312919617e-01
-5.757665038108825684e-01
-3.974741101264953613e-01
9.152240157127380371e-01
-1.703713834285736084e-01
1.457278430461883545e-01
6.906079053878784180e-01
3.594062328338623047e-01
-5.129712224006652832e-01
-6.647036075592041016e-01
-4.981668889522552490e-01
4.143368899822235107e-01
