1.128638014197349548e-01
-6.449529528617858887e-01
-5.583876967430114746e-01
3.833456337451934814e-02
3.098868429660797119e-01
5.640294551849365234e-01
-8.094146102666854858e-02
-2.306017279624938965e-01
-5.704784989356994629e-01
3.561087548732757568e-01
-7.110970020294189453e-01
-2.858776152133941650e-01
5.659540295600891113e-01
3.422351181507110596e-01
-4.437112510204315186e-01
1.230360716581344604e-01
-4.870300292968750000e-01
-1.694312132894992828e-02
4.360035061836242676e-01
-5.091136693954467773e-01
-5.319072604179382324e-01
-1.785627156496047974e-01
-3.948994874954223633e-01
-2.489573061466217041e-01
-3.360362946987152100e-01
3.241237998008728027e-01
-5.101611614227294922e-01
-1.121716573834419250e-01
-4.706897437572479248e-01
1.795808970928192139e-01
