6.487181186676025391e-01
3.144514262676239014e-01
-3.808726370334625244e-01
-4.310789108276367188e-01
7.073679566383361816e-02
-6.687615811824798584e-02
-3.776490390300750732e-01
1.718263626098632812e-01
-5.844104290008544922e-01
-1.701599508523941040e-01
6.510034203529357910e-01
1.229540333151817322e-01
-2.384966462850570679e-01
4.075417220592498779e-01
2.707856893539428711e-01
-2.346570044755935669e-01
-1.241548433899879456e-01
-3.843432664871215820e-01
1.160242632031440735e-01
-4.274525940418243408e-01
-6.134933605790138245e-02
3.235457539558410645e-01
3.782949745655059814e-01
-3.005860149860382080e-01
-1.334131956100463867e-01
-2.334786653518676758e-01
3.917833566665649414e-01
-6.650839745998382568e-02
3.010981082916259766e-01
-4.193856120109558105e-01
