-3.423538506031036377e-01
-4.911639392375946045e-01
-1.146901994943618774e-01
-2.022915780544281006e-01
8.688677847385406494e-02
2.803682982921600342e-01
-3.634169697761535645e-01
2.020176053047180176e-01
3.808938264846801758e-01
-1.643312424421310425e-01
3.568620607256889343e-02
-3.351870477199554443e-01
-2.830290496349334717e-01
2.313784211874008179e-01
-5.758161544799804688e-01
-9.331090748310089111e-02
-4.343225359916687012e-01
6.440147012472152710e-02
2.811230421066284180e-01
-7.150055766105651855e-01
-1.689411997795104980e-01
-2.819956466555595398e-02
2.287132143974304199e-01
4.999937713146209717e-01
-4.478319883346557617e-01
6.745855808258056641e-01
2.466792315244674683e-01
4.835304319858551025e-01
4.209118187427520752e-01
1.782248616218566895e-01
