2.122113853693008423e-01
2.985327955684624612e-05
-6.865626573562622070e-02
-1.311579644680023193e-01
8.369650244712829590e-01
-2.249371856451034546e-01
2.030666470527648926e-01
6.388305425643920898e-01
6.502240896224975586e-01
-8.831751942634582520e-01
-3.738340735435485840e-01
6.256743073463439941e-01
-9.079297780990600586e-01
3.684717118740081787e-01
3.594429790973663330e-01
-4.306141138076782227e-01
-1.212418079376220703e-01
4.726198315620422363e-01
1.040527701377868652e+00
1.467396467924118042e-01
4.499694705009460449e-01
8.625942468643188477e-01
5.843985080718994141e-01
4.515073820948600769e-02
3.527599275112152100e-01
4.463044106960296631e-01
-4.391622543334960938e-01
-7.778351306915283203e-01
-1.168973684310913086e+00
-8.521031141281127930e-01
