-6.647678613662719727e-01
2.492662370204925537e-01
-6.835513114929199219e-01
-4.638997018337249756e-01
-4.270470738410949707e-01
1.677280664443969727e-02
-5.419411063194274902e-01
-4.177208244800567627e-01
-7.278042435646057129e-01
-8.793214708566665649e-02
6.152572035789489746e-01
3.083704113960266113e-01
4.867860302329063416e-02
-8.903024196624755859e-01
-5.847678780555725098e-01
1.002430319786071777e+00
1.038888692855834961e+00
-9.136079549789428711e-01
6.586527228355407715e-01
-7.700302600860595703e-01
-3.405081927776336670e-01
-3.735160827636718750e-01
6.044503450393676758e-01
-1.870097965002059937e-01
2.374616414308547974e-01
-4.326644241809844971e-01
6.799411773681640625e-01
4.533561468124389648e-01
-3.987352252006530762e-01
6.192330718040466309e-01
