-1.356878876686096191e-01
-3.292696475982666016e-01
-3.764967322349548340e-01
3.021855652332305908e-01
3.246960937976837158e-01
-4.508492648601531982e-01
-9.421673417091369629e-01
5.778785943984985352e-01
-4.642282426357269287e-01
-2.341087092645466328e-04
-2.112582921981811523e-01
-2.102621644735336304e-01
-2.404575198888778687e-01
3.578490316867828369e-01
2.784174084663391113e-01
2.700410597026348114e-02
1.645496487617492676e+00
5.845411419868469238e-01
-4.245382249355316162e-01
-2.841568887233734131e-01
-4.869396686553955078e-01
-3.584949076175689697e-01
-5.173777937889099121e-01
1.006383597850799561e-01
-2.679534256458282471e-01
-8.212541937828063965e-01
4.329997599124908447e-01
2.751215696334838867e-01
4.290506988763809204e-02
-1.279111206531524658e-01
