8.880847692489624023e-01
1.963484883308410645e-01
-6.901706457138061523e-01
3.039367794990539551e-01
1.756862103939056396e-01
-3.686839640140533447e-01
9.164983630180358887e-01
-4.894832372665405273e-01
2.589117288589477539e-01
-5.583473443984985352e-01
8.491629734635353088e-03
6.638042330741882324e-01
-5.452243089675903320e-01
-1.990577727556228638e-01
-2.294417619705200195e-01
7.586101293563842773e-01
6.543951630592346191e-01
-6.354818940162658691e-01
-1.103504776954650879e+00
-3.912775516510009766e-01
-3.990558385848999023e-01
-1.035880208015441895e+00
3.065310046076774597e-02
-4.015497565269470215e-01
9.046833515167236328e-01
-9.402809143066406250e-01
7.320922017097473145e-01
3.642437458038330078e-01
-7.674343585968017578e-01
1.282731890678405762e-01
