3.469931483268737793e-01
3.482397794723510742e-01
2.022156864404678345e-01
1.271754130721092224e-02
-2.866401374340057373e-01
-3.926821053028106689e-01
5.454108119010925293e-02
2.817419171333312988e-01
2.185552567243576050e-01
-4.559223949909210205e-01
3.790942728519439697e-01
-3.664655685424804688e-01
3.621876835823059082e-01
-7.590116560459136963e-02
-4.455877244472503662e-01
2.517912983894348145e-01
-9.894853830337524414e-02
-4.008098691701889038e-02
-3.408652842044830322e-01
-2.922606170177459717e-01
5.027449727058410645e-01
5.399643182754516602e-01
-1.536230444908142090e-01
-2.588914930820465088e-01
2.225315123796463013e-01
5.212642550468444824e-01
3.389997407793998718e-02
-3.072336912155151367e-01
-3.913961350917816162e-01
-2.774391137063503265e-02
