-7.503212243318557739e-02
7.567910552024841309e-01
4.316856265068054199e-01
-3.717093169689178467e-01
3.033773899078369141e-01
4.006086289882659912e-01
8.539652079343795776e-02
-1.034769043326377869e-01
1.711851358413696289e-02
-1.117798566818237305e+00
1.793178170919418335e-01
-7.089641690254211426e-01
-2.719705104827880859e-01
7.580952644348144531e-01
1.185212507843971252e-01
-5.717942118644714355e-01
-7.067484855651855469e-01
-4.338682591915130615e-01
9.942958950996398926e-01
-1.034515202045440674e-01
-7.466264963150024414e-01
-1.074922680854797363e+00
-6.479757428169250488e-01
-4.521881937980651855e-01
-1.241726949810981750e-01
-1.483015865087509155e-01
3.109439909458160400e-01
1.544823169708251953e+00
5.365082025527954102e-01
4.980561323463916779e-03
