1.057401776313781738e+00
5.668792873620986938e-02
-1.197282969951629639e-01
5.749595165252685547e-01
-5.870859026908874512e-01
7.842017412185668945e-01
-1.863916367292404175e-01
3.198408484458923340e-01
-7.194925546646118164e-01
3.885358572006225586e-01
4.802718013525009155e-02
7.320342063903808594e-01
6.432092785835266113e-01
3.344438672065734863e-01
-1.642269343137741089e-01
5.257316231727600098e-01
3.416881859302520752e-01
-3.221812546253204346e-01
-4.840305447578430176e-01
-9.680470228195190430e-01
2.852203845977783203e-01
-7.944324016571044922e-01
4.634720683097839355e-01
5.591013431549072266e-01
2.154647260904312134e-01
-2.303779721260070801e-01
6.824059486389160156e-01
-9.933199286460876465e-01
7.631827592849731445e-01
2.415936589241027832e-01
