2.663859538733959198e-02
1.889265477657318115e-01
4.359720647335052490e-01
-2.620767354965209961e-01
4.035001099109649658e-01
6.025165915489196777e-01
-1.531260311603546143e-01
-2.201637439429759979e-02
-5.913311839103698730e-01
4.658860862255096436e-01
-5.901423096656799316e-01
-2.838463485240936279e-01
-5.622379183769226074e-01
3.854059278964996338e-01
7.473606616258621216e-02
-6.573078036308288574e-01
-1.936082094907760620e-01
-5.788450837135314941e-01
6.925474405288696289e-01
-2.113216817378997803e-01
-4.840338230133056641e-01
-5.751621127128601074e-01
4.619996249675750732e-01
7.214718461036682129e-01
-5.925318226218223572e-02
-2.608122527599334717e-01
-5.969885587692260742e-01
-6.426897644996643066e-01
5.442523360252380371e-01
-8.451801724731922150e-03
