7.946326732635498047e-01
-4.529229104518890381e-01
-1.852160245180130005e-01
-5.456121563911437988e-01
-2.864802181720733643e-01
5.407326817512512207e-01
-2.298371195793151855e-01
-3.837687969207763672e-01
-5.655658841133117676e-01
-8.761809468269348145e-01
-3.812359869480133057e-01
-1.422717422246932983e-01
-5.624079704284667969e-01
6.379336714744567871e-01
-1.456713825464248657e-01
5.147443413734436035e-01
-3.226592540740966797e-01
1.784988492727279663e-02
-3.627462685108184814e-01
-6.315618157386779785e-01
4.951011538505554199e-01
-3.231991529464721680e-01
5.397431850433349609e-01
5.033944845199584961e-01
-4.523841738700866699e-01
5.309413671493530273e-01
-1.753856688737869263e-01
3.825726211071014404e-01
-4.436336457729339600e-01
-1.083729043602943420e-01
