-8.747164011001586914e-01
5.250216126441955566e-01
-1.190554201602935791e-01
-3.588536083698272705e-01
5.954346656799316406e-01
-1.333753108978271484e+00
-1.531376987695693970e-01
-9.301651716232299805e-01
-1.409457325935363770e-01
-4.500128626823425293e-01
-1.092297807335853577e-01
-5.987609624862670898e-01
6.049914285540580750e-02
-3.809932768344879150e-01
8.945909738540649414e-01
-5.205885171890258789e-01
1.434136629104614258e-01
9.693655371665954590e-01
3.262660503387451172e-01
-8.144277334213256836e-01
4.761912226676940918e-01
4.938200712203979492e-01
8.398857712745666504e-01
4.673959612846374512e-01
1.348361521959304810e-01
-4.770740866661071777e-01
-8.217716217041015625e-01
-2.286784201860427856e-01
1.019734382629394531e+00
-4.722182154655456543e-01
