-7.303551435470581055e-01
1.921127289533615112e-01
6.771513223648071289e-01
-5.382928848266601562e-01
-4.462400674819946289e-01
4.152640104293823242e-01
-1.585374325513839722e-01
-2.666965723037719727e-01
-1.718899309635162354e-01
-5.710036158561706543e-01
2.968377768993377686e-01
-5.803987383842468262e-01
-7.885562181472778320e-01
5.187318921089172363e-01
-5.735280513763427734e-01
-4.453285634517669678e-01
8.941231667995452881e-02
-4.417563378810882568e-01
-2.429257333278656006e-01
5.036342144012451172e-01
1.513509899377822876e-01
-5.907709598541259766e-01
3.530550003051757812e-01
1.183242872357368469e-01
5.733857154846191406e-01
4.615420401096343994e-01
4.648764431476593018e-01
3.168679177761077881e-01
2.530569434165954590e-01
-8.121642470359802246e-01
