5.507825016975402832e-01
3.652784824371337891e-01
-2.499431073665618896e-01
2.919864952564239502e-01
-1.901078969240188599e-01
-3.445430099964141846e-02
2.211784124374389648e-01
3.169500827789306641e-01
-7.991436719894409180e-01
-2.457812875509262085e-01
-4.042948782444000244e-01
4.524506628513336182e-01
-3.860822319984436035e-01
4.093509018421173096e-01
-6.134502887725830078e-01
-3.729861080646514893e-01
-6.188124045729637146e-02
-5.626450106501579285e-02
-2.956093847751617432e-01
-6.420357227325439453e-01
-4.903929531574249268e-01
9.352450072765350342e-02
-4.476366341114044189e-01
9.649957716464996338e-02
-2.401559650897979736e-01
-4.752788245677947998e-01
-4.102216660976409912e-01
-3.843413591384887695e-01
2.504050731658935547e-01
-3.460730016231536865e-01
