4.015753269195556641e-01
5.325244069099426270e-01
1.789749711751937866e-01
-5.218194127082824707e-01
-6.355683505535125732e-02
-6.609509885311126709e-02
7.955662906169891357e-02
-6.159320473670959473e-01
-3.336531519889831543e-01
5.420137643814086914e-01
2.062948346138000488e-01
4.159375727176666260e-01
5.774349570274353027e-01
-1.951135694980621338e-01
-5.859119892120361328e-01
-3.699304163455963135e-01
-6.839286684989929199e-01
-3.236602842807769775e-01
-5.147895812988281250e-01
7.009541988372802734e-01
5.034416913986206055e-01
1.900083869695663452e-01
3.449855744838714600e-01
2.004416882991790771e-01
1.292213797569274902e-01
-6.346092820167541504e-01
4.741516113281250000e-01
-3.940817117691040039e-01
1.727846637368202209e-02
4.530200660228729248e-01
