9.344360232353210449e-01
3.198900818824768066e-01
1.644076704978942871e-01
1.885960698127746582e-01
1.440970599651336670e-01
2.154438793659210205e-01
-4.694616198539733887e-01
2.298120558261871338e-01
-6.912149786949157715e-01
-4.912541210651397705e-01
2.839105725288391113e-01
-3.323984518647193909e-02
2.204657047986984253e-01
2.284890115261077881e-01
-4.138704538345336914e-01
2.809039950370788574e-01
5.032714605331420898e-01
-3.110790438950061798e-02
1.960480809211730957e-01
3.272796869277954102e-01
-2.340074479579925537e-01
3.226575851440429688e-01
2.924885451793670654e-01
-6.379485130310058594e-01
5.372359156608581543e-01
6.862978339195251465e-01
-2.198357433080673218e-01
-6.126039847731590271e-02
-2.813279926776885986e-01
-4.020017385482788086e-01
