-4.282317459583282471e-01
-2.334081679582595825e-01
2.095818519592285156e-01
-8.264670372009277344e-01
2.213292717933654785e-01
3.393107652664184570e-01
8.123250603675842285e-01
-8.551231622695922852e-01
1.272080093622207642e-01
1.233767509460449219e+00
4.847867488861083984e-01
-3.901804089546203613e-01
7.261032238602638245e-03
-3.383708894252777100e-01
5.598548054695129395e-01
1.727073788642883301e-01
-4.318242967128753662e-01
2.097948640584945679e-02
3.032564818859100342e-01
6.754924058914184570e-01
1.600994914770126343e-01
2.964251041412353516e-01
3.012495934963226318e-01
-1.466105431318283081e-01
-5.479012131690979004e-01
8.470989465713500977e-01
-2.978784143924713135e-01
-5.178746581077575684e-01
3.539771735668182373e-01
1.813854724168777466e-01
