6.630957722663879395e-01
-2.759002447128295898e-01
-2.027730457484722137e-02
2.165530771017074585e-01
2.585231661796569824e-01
-8.518666028976440430e-02
-5.325410887598991394e-02
-8.828716874122619629e-01
5.074785947799682617e-01
2.885826230049133301e-01
-1.055611819028854370e-01
1.822379082441329956e-01
-8.846020698547363281e-01
4.751148521900177002e-01
2.745930254459381104e-01
1.609348356723785400e-01
-1.605541408061981201e-01
1.595756411552429199e-01
-8.972050547599792480e-01
4.731756076216697693e-02
-3.832030594348907471e-01
1.172051727771759033e-01
2.037784159183502197e-01
-7.685046195983886719e-01
-6.990657001733779907e-02
-6.999694108963012695e-01
-4.224409461021423340e-01
5.270268321037292480e-01
-6.263572573661804199e-01
3.372601568698883057e-01
