-4.825475811958312988e-01
3.841627538204193115e-01
3.938226401805877686e-01
-5.241696834564208984e-01
-3.653493225574493408e-01
8.351377397775650024e-02
-1.912674754858016968e-01
-2.531993687152862549e-01
8.766168951988220215e-01
4.844557940959930420e-01
2.586981058120727539e-01
-2.877497076988220215e-01
-2.789057791233062744e-01
-1.568617224693298340e-01
3.074291944503784180e-01
4.235039651393890381e-01
2.878935933113098145e-01
-8.387760072946548462e-02
3.340280652046203613e-01
-5.334149003028869629e-01
2.987760603427886963e-01
-1.059792935848236084e-01
3.246148675680160522e-02
-4.751347303390502930e-01
-4.844877719879150391e-01
1.657178252935409546e-01
5.165849328041076660e-01
-3.242681622505187988e-01
-1.332926377654075623e-02
-3.750154972076416016e-01
