4.270524680614471436e-01
-1.268995404243469238e-01
-1.006554365158081055e+00
1.077586635947227478e-01
-8.659734576940536499e-02
2.124090939760208130e-01
2.655148506164550781e-01
-1.506160497665405273e-01
3.101166784763336182e-01
-1.218462884426116943e-01
-3.668142557144165039e-01
-1.745589673519134521e-01
-8.440024852752685547e-01
-9.668621420860290527e-02
2.395137995481491089e-01
2.759489119052886963e-01
-4.124308824539184570e-01
2.786073386669158936e-01
3.499257266521453857e-01
-2.825788557529449463e-01
-7.372888922691345215e-02
-7.281270623207092285e-02
3.090667426586151123e-01
-5.171277374029159546e-02
-9.598251581192016602e-01
-1.036318689584732056e-01
1.716326177120208740e-01
1.281774193048477173e-01
2.677007019519805908e-01
8.812268972396850586e-01
