-5.399900674819946289e-01
-1.969887316226959229e-02
-2.419407516717910767e-01
2.458055168390274048e-01
1.073951244354248047e+00
2.546365261077880859e-01
-6.331253051757812500e-01
1.035715192556381226e-01
-5.301346778869628906e-01
2.224377095699310303e-01
4.898597002029418945e-01
3.356131017208099365e-01
5.325626134872436523e-01
-2.800934314727783203e-01
-1.376419961452484131e-01
-3.454750180244445801e-01
-3.324061930179595947e-01
3.495735526084899902e-01
2.567238174378871918e-02
-6.724540591239929199e-01
3.988517522811889648e-01
-2.231467217206954956e-01
-1.141287684440612793e-01
-6.374751925468444824e-01
-3.010945022106170654e-01
-2.939359843730926514e-01
-4.269573092460632324e-01
-9.088968485593795776e-02
-3.026681542396545410e-01
-6.152192354202270508e-01
