4.787796735763549805e-01
-3.948302567005157471e-02
-6.622387766838073730e-01
1.260011643171310425e-01
4.096946418285369873e-01
-6.041285395622253418e-01
6.427292823791503906e-01
6.805648207664489746e-01
-7.501743435859680176e-01
-6.488729119300842285e-01
4.045440256595611572e-02
6.002351641654968262e-01
3.136720955371856689e-01
-4.121743738651275635e-01
5.532219409942626953e-01
2.034177035093307495e-01
-1.190484315156936646e-01
-1.133772432804107666e-01
3.459484875202178955e-01
7.274720668792724609e-01
1.476085335016250610e-01
-5.489073395729064941e-01
-2.619012594223022461e-01
5.102553367614746094e-01
1.790281683206558228e-01
-2.790563106536865234e-01
-2.334508150815963745e-01
-3.297519683837890625e-01
2.513180077075958252e-01
2.319307476282119751e-01
