2.137523889541625977e-01
2.934517562389373779e-01
-6.765381097793579102e-01
-7.205881476402282715e-01
-4.896482229232788086e-01
-2.206038683652877808e-01
-8.520608544349670410e-01
-2.779706120491027832e-01
3.206220865249633789e-01
7.219038605690002441e-01
9.650413990020751953e-01
-1.335050225257873535e+00
-6.689720749855041504e-01
6.901451349258422852e-01
7.452948093414306641e-01
-1.732603609561920166e-01
-6.818864941596984863e-01
-5.584204196929931641e-01
-9.697053432464599609e-01
-2.507270276546478271e-01
4.485450983047485352e-01
4.089231789112091064e-02
4.760415554046630859e-01
-2.595887482166290283e-01
-5.871312618255615234e-01
-3.275568783283233643e-02
5.862359404563903809e-01
-5.012826323509216309e-01
1.053152829408645630e-01
1.973650604486465454e-01
