-7.522231936454772949e-01
-6.750439852476119995e-02
-5.630548000335693359e-01
-7.710111141204833984e-01
-4.438552856445312500e-01
1.228664755821228027e+00
5.237737894058227539e-01
7.175492644309997559e-01
-5.582300424575805664e-01
-6.412267088890075684e-01
-5.987289547920227051e-01
5.442249774932861328e-01
4.032995998859405518e-01
2.386816777288913727e-02
-2.488412857055664062e-01
-2.369580715894699097e-01
4.325778186321258545e-01
-2.648207843303680420e-01
-4.425370395183563232e-01
-1.824668943881988525e-01
-5.388438105583190918e-01
-1.088441848754882812e+00
4.508985280990600586e-01
-9.340112209320068359e-01
9.509763121604919434e-01
-5.398406386375427246e-01
-7.550076842308044434e-01
-6.656546145677566528e-02
-3.840250074863433838e-01
-4.940709769725799561e-01
