-3.444662094116210938e-01
2.676298916339874268e-01
-3.742163777351379395e-01
6.308835744857788086e-01
-4.968845248222351074e-01
-6.765449047088623047e-01
-3.601979315280914307e-01
1.040182039141654968e-01
-8.507935404777526855e-01
-3.617646098136901855e-01
-8.155571818351745605e-01
1.671323627233505249e-01
8.696117401123046875e-01
-6.223433613777160645e-01
-2.829565107822418213e-01
2.445361018180847168e-01
-3.002405762672424316e-01
3.887676298618316650e-01
-1.574440598487854004e-01
3.477074801921844482e-01
-2.383811324834823608e-01
-8.843606710433959961e-01
-8.880642056465148926e-01
1.701555252075195312e-01
6.638592481613159180e-01
8.150249719619750977e-01
-9.391605854034423828e-01
-1.354552507400512695e-01
3.976169228553771973e-01
1.005168557167053223e+00
