5.206447243690490723e-01
4.961408674716949463e-01
1.253539025783538818e-01
6.955084800720214844e-01
1.610625535249710083e-02
2.180278450250625610e-01
4.799084961414337158e-01
4.209342300891876221e-01
9.944035857915878296e-02
2.577253282070159912e-01
2.048058807849884033e-02
2.906757034361362457e-02
-2.948626875877380371e-01
-1.553651094436645508e-01
-5.514541640877723694e-02
-2.711265087127685547e-01
-4.686595797538757324e-01
-2.806726470589637756e-02
-9.759815037250518799e-02
-5.065233707427978516e-01
2.343209981918334961e-01
3.035680055618286133e-01
1.237894222140312195e-01
-9.854279458522796631e-02
2.157656848430633545e-01
2.653808891773223877e-01
-3.592559695243835449e-01
-2.619434297084808350e-01
4.097751677036285400e-01
1.475491076707839966e-01
