-5.347020030021667480e-01
-3.694354295730590820e-01
4.746458530426025391e-01
5.142720937728881836e-01
4.878822267055511475e-01
2.198907732963562012e-01
-5.664040446281433105e-01
1.095444202423095703e+00
4.266144037246704102e-01
4.396535158157348633e-01
-1.928407698869705200e-01
3.601407110691070557e-01
-4.751555919647216797e-01
6.132060885429382324e-01
2.005564272403717041e-01
9.253430962562561035e-01
3.858455717563629150e-01
-9.416369795799255371e-01
-8.216545730829238892e-02
4.349682331085205078e-01
2.233837246894836426e-01
-5.660200119018554688e-01
-3.593923449516296387e-01
7.248312234878540039e-01
-3.800863623619079590e-01
1.125854998826980591e-01
-4.829039424657821655e-02
-2.212959527969360352e-01
5.448063611984252930e-01
1.013777256011962891e+00
