2.368284855037927628e-03
2.800557315349578857e-01
2.077894285321235657e-02
5.284575223922729492e-01
-5.869826674461364746e-01
-3.220563828945159912e-01
-2.238465696573257446e-01
-3.257432878017425537e-01
-3.670775890350341797e-01
-6.164191961288452148e-01
-4.543551206588745117e-01
4.736263155937194824e-01
-4.649006724357604980e-01
5.316491723060607910e-01
2.621678113937377930e-01
1.913198083639144897e-01
3.257897496223449707e-01
1.995746940374374390e-01
-2.485711276531219482e-01
2.311428040266036987e-01
2.687345445156097412e-01
-1.146984577178955078e+00
-6.158065795898437500e-01
1.905613839626312256e-01
4.004655778408050537e-01
3.665997982025146484e-01
-4.842134118080139160e-01
4.319282472133636475e-01
-5.302707552909851074e-01
2.976561486721038818e-01
