-5.662621185183525085e-02
3.865045607089996338e-01
-2.691443860530853271e-01
-2.856072485446929932e-01
5.698936805129051208e-02
1.744031459093093872e-01
-7.342283725738525391e-01
8.270598948001861572e-03
-3.425107598304748535e-01
-1.482585817575454712e-01
3.973500132560729980e-01
1.053960025310516357e-01
4.432891011238098145e-01
4.010331630706787109e-01
4.971253275871276855e-01
-2.924337387084960938e-01
-4.879639744758605957e-01
-3.173943161964416504e-01
3.881549090147018433e-02
6.776459217071533203e-01
-1.879499852657318115e-01
4.056831598281860352e-01
-3.065460324287414551e-01
-9.472723603248596191e-01
-6.089337468147277832e-01
-6.772179603576660156e-01
-7.719684839248657227e-01
4.853397607803344727e-01
8.352711051702499390e-02
-3.587554693222045898e-01
