-1.892119199037551880e-01
3.087102472782135010e-01
2.497922927141189575e-01
-2.460263967514038086e-01
-4.702272415161132812e-01
-9.100607037544250488e-01
3.965569734573364258e-01
-6.768335700035095215e-01
-5.379890203475952148e-01
3.569699823856353760e-01
-5.086266398429870605e-01
1.016023084521293640e-01
-2.046708464622497559e-01
2.214341759681701660e-01
-3.284047544002532959e-02
-5.725105404853820801e-01
4.256524145603179932e-01
2.629258036613464355e-01
-3.542871475219726562e-01
5.126448273658752441e-01
-1.040027588605880737e-01
5.384199023246765137e-01
2.104661315679550171e-01
3.953804373741149902e-01
8.103993535041809082e-02
5.339223742485046387e-01
-5.981774330139160156e-01
6.617667675018310547e-01
2.348509579896926880e-01
-2.296446561813354492e-01
