-1.741080731153488159e-01
-2.028121948242187500e-01
-1.850560158491134644e-01
5.645298957824707031e-01
-3.428562283515930176e-01
2.021958678960800171e-01
3.427416086196899414e-01
2.801678180694580078e-01
6.511819362640380859e-01
1.472363322973251343e-01
-3.529002368450164795e-01
2.094158232212066650e-01
-2.209301590919494629e-01
-1.522766947746276855e-01
-1.091308817267417908e-01
1.599622666835784912e-01
5.035389065742492676e-01
2.693167924880981445e-01
2.972470968961715698e-02
2.465483248233795166e-01
4.870903491973876953e-01
4.136618375778198242e-01
3.229334354400634766e-01
9.208237379789352417e-02
-1.190340220928192139e-01
3.103092312812805176e-01
4.548837542533874512e-01
1.885105520486831665e-01
2.866447865962982178e-01
-4.506271779537200928e-01
