-8.826162815093994141e-01
4.923565387725830078e-01
-3.709299862384796143e-01
-3.384724557399749756e-01
3.287852406501770020e-01
-4.805164039134979248e-01
-4.576351642608642578e-01
-2.805541753768920898e-01
-4.002460241317749023e-01
3.847893178462982178e-01
-2.416425943374633789e-01
5.714347958564758301e-01
-3.373582363128662109e-01
-5.442498326301574707e-01
4.647694826126098633e-01
-4.418250024318695068e-01
-1.127647385001182556e-01
-2.269726246595382690e-01
-3.217089474201202393e-01
3.347364366054534912e-01
6.542318463325500488e-01
-1.377321481704711914e-01
1.021193623542785645e+00
-5.066933631896972656e-01
-2.355447709560394287e-01
-1.863540858030319214e-01
-1.014143586158752441e+00
5.619800090789794922e-01
-4.175331890583038330e-01
-5.428603887557983398e-01
