2.533847689628601074e-01
-4.540139436721801758e-01
-1.910710185766220093e-01
-8.318703174591064453e-01
4.205075502395629883e-01
-2.910667471587657928e-02
7.254871129989624023e-01
-4.230522513389587402e-01
9.996988177299499512e-01
8.605011105537414551e-01
7.428119182586669922e-01
-8.015089631080627441e-01
-4.403773546218872070e-01
1.266566514968872070e-01
-4.428957700729370117e-01
5.889165997505187988e-01
1.270322948694229126e-01
4.032685756683349609e-01
4.956707060337066650e-01
6.309742927551269531e-01
4.176724255084991455e-01
-3.911195397377014160e-01
1.255931705236434937e-01
-8.124477267265319824e-01
4.061621129512786865e-01
9.027966856956481934e-01
-3.066635429859161377e-01
3.880893588066101074e-01
2.143689617514610291e-02
-1.848102062940597534e-01
