1.038063406944274902e+00
1.088941931724548340e+00
-1.272655930370092392e-02
-9.583525657653808594e-01
4.994671344757080078e-01
-1.702149361371994019e-01
8.824283480644226074e-01
-6.109300851821899414e-01
-8.473933339118957520e-01
8.065346479415893555e-01
7.925030589103698730e-01
1.152379035949707031e+00
-6.252690404653549194e-02
-6.381057500839233398e-01
-7.649880051612854004e-01
4.431242644786834717e-01
1.104803159832954407e-01
1.985006779432296753e-01
-2.421348392963409424e-01
4.898404702544212341e-02
6.946578025817871094e-01
-8.560614585876464844e-01
-7.456543445587158203e-01
-4.359166324138641357e-01
8.203421235084533691e-01
7.114856839179992676e-01
9.569556713104248047e-01
-1.161421462893486023e-01
-1.927995681762695312e-01
-2.483890950679779053e-01
