-2.432020157575607300e-01
9.198877811431884766e-01
1.513792127370834351e-01
-7.156044840812683105e-01
4.046867787837982178e-02
5.112542510032653809e-01
-6.824541687965393066e-01
-8.865792751312255859e-01
5.934412479400634766e-01
7.720844745635986328e-01
5.338708758354187012e-01
-2.743495404720306396e-01
1.208101119846105576e-02
1.119801759719848633e+00
7.327248901128768921e-02
4.766669869422912598e-01
3.196631669998168945e-01
-3.241684436798095703e-01
-6.777114868164062500e-01
-6.345199346542358398e-01
-4.077830016613006592e-01
9.457506239414215088e-03
5.663002729415893555e-01
4.884821772575378418e-01
-4.272728264331817627e-01
-1.913793198764324188e-02
-5.855296254158020020e-01
-5.571761131286621094e-01
2.607308626174926758e-01
-6.277745962142944336e-01
