-4.675114154815673828e-01
-4.414759874343872070e-01
3.620842695236206055e-01
-1.156740903854370117e+00
7.691535353660583496e-01
-5.461287498474121094e-01
6.398975849151611328e-01
7.146505713462829590e-01
-1.052304267883300781e+00
3.732132613658905029e-01
1.909246891736984253e-01
4.208347797393798828e-01
6.750711798667907715e-02
-7.565955519676208496e-01
7.234758138656616211e-02
5.028355121612548828e-01
-6.541705131530761719e-01
5.472014546394348145e-01
-1.657332301139831543e+00
-2.158614099025726318e-01
2.759109437465667725e-01
4.289198294281959534e-02
5.650236010551452637e-01
-4.117314517498016357e-02
4.123261272907257080e-01
2.606168985366821289e-01
1.617888920009136200e-02
3.619635403156280518e-01
1.865275055170059204e-01
-5.506185293197631836e-01
