1.363983631134033203e+00
-8.006321638822555542e-02
2.995701134204864502e-01
3.751829564571380615e-01
3.227118253707885742e-01
2.418342046439647675e-02
1.124352097511291504e+00
3.241720497608184814e-01
-9.544873982667922974e-02
-6.978158354759216309e-01
4.378903210163116455e-01
-1.683378219604492188e-01
-7.685882449150085449e-01
-6.978811025619506836e-01
-5.096204280853271484e-01
-3.475119769573211670e-01
-7.662830352783203125e-01
5.984717011451721191e-01
-2.315461039543151855e-01
1.550726890563964844e-01
-9.542252421379089355e-01
3.840796947479248047e-01
4.237752854824066162e-01
-3.350124657154083252e-01
-1.485104113817214966e-01
-2.268961071968078613e-01
-3.655439317226409912e-01
8.240831494331359863e-01
1.514694690704345703e-01
-6.058247089385986328e-01
