7.031078934669494629e-01
5.301914215087890625e-01
-8.058940768241882324e-01
3.767461776733398438e-01
-1.937535852193832397e-01
9.957902133464813232e-02
-2.709138989448547363e-01
-4.903908967971801758e-01
-1.298606842756271362e-01
4.645606279373168945e-01
-8.175604939460754395e-01
1.455836892127990723e-01
4.645127058029174805e-01
-6.800096035003662109e-01
1.474150121212005615e-01
4.420640468597412109e-01
5.076150298118591309e-01
9.630744159221649170e-02
4.339027404785156250e-01
4.222060441970825195e-01
-4.802893400192260742e-01
-3.610773980617523193e-01
-5.289587378501892090e-01
1.603393554687500000e-01
8.218840956687927246e-01
-5.656417608261108398e-01
-1.131383299827575684e+00
8.619861006736755371e-01
-6.790654659271240234e-01
6.558836102485656738e-01
