3.495234549045562744e-01
2.204634994268417358e-01
-5.929149389266967773e-01
-5.346495509147644043e-01
-2.148403674364089966e-01
3.766725063323974609e-01
-3.737753629684448242e-01
1.211427599191665649e-01
-1.944226473569869995e-01
3.622240424156188965e-01
-2.902765572071075439e-01
1.412557661533355713e-01
6.822673976421356201e-02
-2.552610337734222412e-01
2.684439420700073242e-01
-3.697864413261413574e-01
-1.075918674468994141e-01
3.149584829807281494e-01
-3.036630153656005859e-01
-2.930015623569488525e-01
3.356305360794067383e-01
-3.679569959640502930e-01
1.716878712177276611e-01
2.990714907646179199e-01
4.726821780204772949e-01
4.564421474933624268e-01
-3.882862925529479980e-01
-2.333888560533523560e-01
-7.491677999496459961e-02
1.926106810569763184e-01
