-3.035442829132080078e-01
-2.635956406593322754e-01
-8.956618309020996094e-01
-6.691697835922241211e-01
-6.339776515960693359e-01
2.674632966518402100e-01
-3.792862594127655029e-01
7.549782395362854004e-01
4.506565332412719727e-01
1.591258943080902100e-01
-5.324125885963439941e-01
6.807448863983154297e-01
1.037087678909301758e+00
7.078647017478942871e-01
-1.269396245479583740e-01
1.523822452872991562e-02
-3.825086653232574463e-01
-5.718941688537597656e-01
-3.528852760791778564e-01
9.662285447120666504e-01
4.964727163314819336e-01
-2.362101376056671143e-01
3.728064000606536865e-01
-6.707010865211486816e-01
-3.967432677745819092e-01
5.037900805473327637e-01
4.981808066368103027e-01
4.268986880779266357e-01
8.625801801681518555e-01
7.200039029121398926e-01
