-4.541149437427520752e-01
7.164737582206726074e-01
5.911943316459655762e-01
3.147930204868316650e-01
7.110912799835205078e-01
-1.822504252195358276e-01
-2.753100991249084473e-01
1.392180919647216797e-01
2.461976557970046997e-01
-4.482918977737426758e-01
1.666964888572692871e-01
2.145900577306747437e-01
8.183334469795227051e-01
-1.724130809307098389e-01
2.358166128396987915e-01
1.690509468317031860e-01
-1.926548331975936890e-01
-2.664238810539245605e-01
2.488760948181152344e-01
2.546247243881225586e-01
-4.656163156032562256e-01
-7.788643240928649902e-02
6.972317695617675781e-01
2.635666429996490479e-01
-5.638203620910644531e-01
-7.172363996505737305e-01
-5.096381902694702148e-01
2.069807946681976318e-01
-1.017706617712974548e-01
-1.058951973915100098e+00
