4.018855392932891846e-01
-3.953261673450469971e-01
-4.190539121627807617e-01
-2.263538390398025513e-01
-7.417066097259521484e-01
-2.748952209949493408e-01
-4.552426040172576904e-01
-6.518044471740722656e-01
-1.280843317508697510e-01
2.158547937870025635e-01
-6.477993130683898926e-01
-3.059235811233520508e-01
1.877866983413696289e-01
-1.920399665832519531e-01
5.263007879257202148e-01
-7.780397534370422363e-01
2.501375079154968262e-01
8.754471689462661743e-02
-5.988180041313171387e-01
-2.295489460229873657e-01
-1.243080347776412964e-01
3.129866421222686768e-01
5.803146958351135254e-01
-3.790184855461120605e-01
-7.974130660295486450e-02
-5.755389928817749023e-01
4.651842117309570312e-01
7.175238728523254395e-01
-3.681618869304656982e-01
2.383743226528167725e-01
