-8.199612498283386230e-01
6.507717967033386230e-01
6.624643802642822266e-01
-5.745567083358764648e-01
4.625471234321594238e-01
5.635194182395935059e-01
-7.862802743911743164e-01
-1.927573978900909424e-01
-5.018994808197021484e-01
-2.101890444755554199e-01
1.036226749420166016e+00
4.072681367397308350e-01
-6.818041801452636719e-01
-2.898355722427368164e-01
-1.079318895936012268e-01
-2.612982690334320068e-01
6.620098352432250977e-01
3.005936145782470703e-01
3.964822888374328613e-01
-1.161927819252014160e+00
6.829206347465515137e-01
3.828462958335876465e-01
4.274235069751739502e-01
5.031017065048217773e-01
1.237196847796440125e-01
-3.747919797897338867e-01
-5.007596015930175781e-01
-4.173302054405212402e-01
-7.886453866958618164e-01
8.623076081275939941e-01
