-4.850548505783081055e-01
-5.419163703918457031e-01
-1.894174963235855103e-01
1.364371087402105331e-02
6.769548654556274414e-01
7.914474606513977051e-01
5.846217870712280273e-01
-8.959448933601379395e-01
-3.756662309169769287e-01
7.057369351387023926e-01
9.020277261734008789e-01
-8.436288237571716309e-01
-5.124035477638244629e-01
-4.009335637092590332e-01
4.711976945400238037e-01
-8.517696857452392578e-01
1.581341400742530823e-02
4.220921993255615234e-01
-8.376325964927673340e-01
-8.824505656957626343e-02
-4.059468805789947510e-01
-2.502782344818115234e-01
-2.033743113279342651e-01
-9.015822410583496094e-01
9.421050548553466797e-01
-2.169432193040847778e-01
3.958564400672912598e-01
3.329349160194396973e-01
-7.628547549247741699e-01
-2.426937818527221680e-01
