-2.906667068600654602e-02
-5.732618272304534912e-02
2.825975716114044189e-01
-8.418557792901992798e-02
2.000296711921691895e-01
-1.300261262804269791e-02
1.481090392917394638e-02
1.775194108486175537e-01
1.569760739803314209e-01
1.898361742496490479e-01
2.435728311538696289e-01
1.327577978372573853e-01
1.972270905971527100e-01
-3.060953617095947266e-01
-3.005232512950897217e-01
3.097616136074066162e-01
4.573430716991424561e-01
-3.732992708683013916e-02
3.100643306970596313e-02
-1.367954351007938385e-02
-2.130688726902008057e-01
2.062457799911499023e-01
-1.829641498625278473e-02
2.898668348789215088e-01
4.154352843761444092e-01
-1.534847021102905273e-01
7.986582070589065552e-02
-1.568720787763595581e-01
-1.019346490502357483e-01
-1.125763058662414551e-01
