-5.890084505081176758e-01
4.876498878002166748e-01
-1.923326849937438965e-01
-2.857639193534851074e-01
-4.347420036792755127e-01
5.222995579242706299e-02
-1.698841452598571777e-01
2.697867751121520996e-01
-3.947520852088928223e-01
3.610778748989105225e-01
-1.980358660221099854e-01
-2.505008578300476074e-01
-4.802667498588562012e-01
2.343448251485824585e-01
6.187753081321716309e-01
-4.095982611179351807e-01
-3.470013141632080078e-01
-3.379448354244232178e-01
4.101836681365966797e-01
3.489586710929870605e-01
3.707968890666961670e-01
-5.155077576637268066e-01
4.402800500392913818e-01
2.593231797218322754e-01
4.174662828445434570e-01
-4.820958971977233887e-01
5.462338328361511230e-01
-3.448688983917236328e-01
7.044121026992797852e-01
1.866738498210906982e-01
