1.177937269210815430e+00
-2.192726582288742065e-01
3.043613135814666748e-01
4.203852713108062744e-01
-2.933436632156372070e-01
-3.868396282196044922e-01
3.077257573604583740e-01
3.516784906387329102e-01
-8.998268246650695801e-01
7.582284808158874512e-01
6.886109709739685059e-01
6.724572181701660156e-01
-6.464412808418273926e-01
-5.096428394317626953e-01
1.864501535892486572e-01
5.234351754188537598e-01
-1.809551417827606201e-01
-4.868507385253906250e-01
3.141544014215469360e-02
-3.957543075084686279e-01
-1.204042434692382812e-01
-5.438364148139953613e-01
-4.736089706420898438e-01
2.611545100808143616e-02
-3.630904853343963623e-01
-3.421434760093688965e-01
1.460708677768707275e-01
9.547744989395141602e-01
7.335012555122375488e-01
-1.100644826889038086e+00
