1.756375432014465332e-01
4.799871519207954407e-02
1.373635828495025635e-01
1.923035085201263428e-01
2.371009290218353271e-01
-6.851680278778076172e-01
2.962977811694145203e-02
1.911472342908382416e-02
-1.579040139913558960e-01
1.078826114535331726e-01
3.867641687393188477e-01
-1.770909130573272705e-01
-2.077413201332092285e-01
1.807526201009750366e-01
-2.099020332098007202e-01
-1.406745016574859619e-01
1.436954438686370850e-01
-1.777385920286178589e-01
5.771693587303161621e-01
1.136924922466278076e-01
2.615123689174652100e-01
-1.299404799938201904e-01
-3.565271794795989990e-01
2.683124244213104248e-01
1.543119549751281738e-01
-5.934303402900695801e-01
-1.083231270313262939e-01
-3.301811516284942627e-01
-6.803877651691436768e-02
2.229704111814498901e-01
