1.595855653285980225e-01
-3.838063180446624756e-01
-8.882151842117309570e-01
-3.419174849987030029e-01
-2.500271499156951904e-01
-3.743529021739959717e-01
-2.659600973129272461e-01
4.391580447554588318e-02
-1.058515384793281555e-01
3.780165910720825195e-01
-1.586317420005798340e-01
-1.954005062580108643e-01
2.296144515275955200e-01
2.266701310873031616e-01
-3.633612096309661865e-01
2.253507375717163086e-01
1.687802523374557495e-01
7.031967490911483765e-02
2.416338324546813965e-01
-2.384655028581619263e-01
2.541901469230651855e-01
-4.180555343627929688e-01
5.589650571346282959e-02
-2.835287749767303467e-01
-3.321942389011383057e-01
-6.030828952789306641e-01
4.232757985591888428e-01
2.521970868110656738e-01
1.136701032519340515e-01
-4.649915546178817749e-02
