6.044035553932189941e-01
4.210835695266723633e-01
-1.806611418724060059e-01
-3.316032290458679199e-01
1.048341631889343262e+00
3.031987845897674561e-01
5.621086359024047852e-01
-4.503163099288940430e-01
-2.375817149877548218e-01
3.356256186962127686e-01
-1.349704712629318237e-01
3.462297320365905762e-01
3.944286108016967773e-01
-4.444718658924102783e-01
-4.793437123298645020e-01
-5.505104064941406250e-01
-5.124341845512390137e-01
-1.118354573845863342e-01
4.191196858882904053e-01
2.818616926670074463e-01
-1.443534195423126221e-01
2.223330438137054443e-01
5.702080130577087402e-01
5.158328413963317871e-01
4.995714128017425537e-01
1.095688223838806152e+00
-1.377081423997879028e-01
-1.014587283134460449e-02
5.658221244812011719e-01
3.070687055587768555e-01
