1.594400107860565186e-01
4.957886636257171631e-01
-2.219099551439285278e-01
3.470036387443542480e-01
-1.317784488201141357e-01
-1.228709518909454346e-01
3.781093657016754150e-01
4.935379922389984131e-01
3.241961598396301270e-01
4.716210663318634033e-01
1.760691702365875244e-01
6.993449926376342773e-01
7.279679179191589355e-02
-6.548013091087341309e-01
-4.478290677070617676e-02
-2.376035302877426147e-01
3.716893792152404785e-01
-2.013049721717834473e-01
3.783766925334930420e-01
-3.694289326667785645e-01
2.698614895343780518e-01
3.368728756904602051e-01
-4.439321160316467285e-01
-1.191987246274948120e-01
-4.567445516586303711e-01
1.563544943928718567e-02
3.231199383735656738e-01
5.426225066184997559e-01
-4.873080849647521973e-01
1.298353224992752075e-01
