-3.970706462860107422e-01
-3.864342570304870605e-01
-5.212509036064147949e-01
-9.843505173921585083e-02
-4.753864705562591553e-01
2.916533350944519043e-01
-3.502113819122314453e-01
7.098655104637145996e-01
6.950054764747619629e-01
-5.389520525932312012e-01
3.353054523468017578e-01
4.592432677745819092e-01
-1.520464271306991577e-01
-4.491630196571350098e-01
4.620331823825836182e-01
-5.648216605186462402e-01
6.068941950798034668e-01
3.819470703601837158e-01
4.133865237236022949e-01
1.301782280206680298e-01
5.343778729438781738e-01
-5.466528534889221191e-01
-2.076093852519989014e-01
2.484297603368759155e-01
-5.968911051750183105e-01
-3.613174855709075928e-01
-7.692832350730895996e-01
-1.785133779048919678e-02
9.500047564506530762e-01
2.248156256973743439e-02
