-4.036867618560791016e-01
-4.284873604774475098e-01
5.068342685699462891e-01
6.632477045059204102e-01
5.213398933410644531e-01
1.196251884102821350e-01
-4.021092355251312256e-01
6.888335943222045898e-01
8.232019543647766113e-01
-3.153540492057800293e-01
2.280893325805664062e-01
-5.176768302917480469e-01
6.303440332412719727e-01
-2.295554131269454956e-01
2.818216085433959961e-01
3.536361753940582275e-01
-9.913806617259979248e-02
-3.498803079128265381e-01
-2.762783765792846680e-01
3.559830188751220703e-01
4.036009609699249268e-01
4.333121478557586670e-01
3.044862449169158936e-01
-3.666674792766571045e-01
3.582136631011962891e-01
-3.259216547012329102e-01
-1.476919054985046387e-01
5.274705886840820312e-01
-4.864126443862915039e-01
3.528251647949218750e-01
