-4.827565327286720276e-02
-4.527943730354309082e-01
3.496954739093780518e-01
5.461558327078819275e-02
2.365965992212295532e-01
-6.240021586418151855e-01
2.832623720169067383e-01
6.827430725097656250e-01
1.027381777763366699e+00
-1.057209730148315430e+00
-1.045253276824951172e-01
5.537698268890380859e-01
-3.277210593223571777e-01
-9.395124316215515137e-01
4.280769824981689453e-02
-4.152204394340515137e-01
7.202455997467041016e-01
1.335050463676452637e+00
-4.613496661186218262e-01
-8.047719001770019531e-01
-8.896416425704956055e-01
-2.301990836858749390e-01
1.096945703029632568e-01
-4.309294223785400391e-01
3.566632866859436035e-01
-6.904794573783874512e-01
5.232588052749633789e-01
2.469650059938430786e-01
-2.417621612548828125e-01
-3.612159788608551025e-01
