1.604701578617095947e-01
5.331922769546508789e-01
-3.449559807777404785e-01
1.108286157250404358e-01
7.431970834732055664e-01
-2.180717885494232178e-01
-1.384846270084381104e-01
4.360040426254272461e-01
-6.170631647109985352e-01
4.536314904689788818e-01
1.196061730384826660e+00
-1.286965012550354004e-01
5.485196411609649658e-02
5.959698557853698730e-01
-3.672257959842681885e-01
-1.598007827997207642e-01
-5.430963635444641113e-01
-4.698318243026733398e-01
9.983067512512207031e-01
4.013509452342987061e-01
7.863770127296447754e-01
2.959839999675750732e-01
-7.761622667312622070e-01
1.743349581956863403e-01
7.298057079315185547e-01
7.104119751602411270e-03
-4.285993874073028564e-01
-1.240406632423400879e-01
-7.671810984611511230e-01
-4.525600075721740723e-01
