1.081369966268539429e-01
-3.670776784420013428e-01
-5.443039536476135254e-01
-5.851634144783020020e-01
4.877386093139648438e-01
7.482844591140747070e-01
-3.145122826099395752e-01
-6.186694502830505371e-01
-1.103256419301033020e-01
2.235951274633407593e-01
-1.986653506755828857e-01
9.011690616607666016e-01
3.879371285438537598e-01
-4.547462612390518188e-02
5.032486915588378906e-01
-4.299487769603729248e-01
-8.937599062919616699e-01
-4.684310555458068848e-01
-1.576134711503982544e-01
5.859372615814208984e-01
6.256239414215087891e-01
4.057881534099578857e-01
5.437729358673095703e-01
4.367132484912872314e-01
-9.135361760854721069e-02
4.534309804439544678e-01
1.433172076940536499e-01
6.408522129058837891e-01
-8.820148557424545288e-02
-2.103782445192337036e-01
