-9.623838067054748535e-01
-3.085615038871765137e-01
-4.862304329872131348e-01
-1.905032545328140259e-01
-3.833159506320953369e-01
4.193178415298461914e-01
4.785449206829071045e-01
-1.755287200212478638e-01
1.170009523630142212e-01
6.088798046112060547e-01
6.511898040771484375e-01
2.912085056304931641e-01
4.278247356414794922e-01
2.104836851358413696e-01
-4.219549596309661865e-01
-6.440842151641845703e-01
-1.007111549377441406e+00
-8.650014400482177734e-01
1.190480887889862061e-01
3.958063423633575439e-01
-4.465698897838592529e-01
-1.796104386448860168e-02
-6.339310854673385620e-02
2.467281669378280640e-01
-6.465195417404174805e-01
6.030066013336181641e-01
-4.772547632455825806e-03
-4.031995534896850586e-01
-3.859016895294189453e-01
3.641381859779357910e-01
