-5.035335421562194824e-01
-8.755754232406616211e-01
2.031729370355606079e-01
-4.466684758663177490e-01
-2.320269048213958740e-01
-6.855641007423400879e-01
1.227119565010070801e-01
-5.032350420951843262e-01
3.208283334970474243e-02
1.269541829824447632e-01
9.315792918205261230e-01
-4.297478795051574707e-01
3.014244139194488525e-01
-6.549492478370666504e-02
-5.923057794570922852e-01
7.127018570899963379e-01
4.676317796111106873e-03
4.506016075611114502e-01
1.070701479911804199e-01
-6.970820575952529907e-02
-8.901391029357910156e-01
1.188985854387283325e-01
5.993314981460571289e-01
-6.640589982271194458e-02
1.811227053403854370e-01
3.294214010238647461e-01
4.074449837207794189e-01
-5.489608645439147949e-01
-1.892940327525138855e-02
-6.582823991775512695e-01
