1.768323779106140137e-01
-3.484594821929931641e-01
2.292152792215347290e-01
-4.510519802570343018e-01
2.045331448316574097e-01
9.860948473215103149e-02
5.545523762702941895e-01
4.987250268459320068e-02
-3.236342668533325195e-01
-4.482183605432510376e-03
3.575693964958190918e-01
-4.596323519945144653e-02
-3.242408633232116699e-01
-5.121977329254150391e-01
2.385947853326797485e-01
-6.947164982557296753e-02
-5.051442980766296387e-01
-2.240262553095817566e-02
-1.957148909568786621e-01
-3.780502378940582275e-01
2.929399013519287109e-01
-2.821228280663490295e-02
-3.020122647285461426e-01
-5.550132691860198975e-02
3.261997997760772705e-01
1.336876899003982544e-01
-4.043675959110260010e-01
3.318859040737152100e-01
-1.435303092002868652e-01
-3.984153866767883301e-01
