6.083699688315391541e-02
-1.157031059265136719e-01
-2.255717068910598755e-01
-2.077026367187500000e-01
-8.787299394607543945e-01
1.245991811156272888e-01
4.422583431005477905e-02
-1.008527994155883789e+00
7.300357222557067871e-01
4.043802618980407715e-01
4.943454861640930176e-01
-3.012723624706268311e-01
8.523266762495040894e-02
3.488003090023994446e-02
6.123639345169067383e-01
-5.068568587303161621e-01
4.092857241630554199e-01
7.834978699684143066e-01
-1.274719983339309692e-01
1.513461172580718994e-01
-4.453593492507934570e-01
-1.265740543603897095e-01
4.970102454535663128e-04
1.263582557439804077e-01
-3.296942114830017090e-01
1.322508156299591064e-01
-1.648750752210617065e-01
4.133328199386596680e-01
6.498853564262390137e-01
1.053468942642211914e+00
