-4.398046433925628662e-01
-3.974947035312652588e-01
2.243967950344085693e-01
-1.266890466213226318e-01
1.009030416607856750e-01
-1.149351801723241806e-02
-8.426262140274047852e-01
5.974970012903213501e-02
-4.763288795948028564e-01
-1.935022324323654175e-02
1.641961336135864258e-01
1.064419671893119812e-01
-4.906657040119171143e-01
-5.181792974472045898e-01
-1.053093910217285156e+00
6.557875275611877441e-01
-2.334161400794982910e-01
-1.327102482318878174e-01
1.299202740192413330e-01
1.625992804765701294e-01
3.542011678218841553e-01
-7.544943690299987793e-02
5.744656324386596680e-01
2.794294953346252441e-01
-3.033876419067382812e-03
3.644725680351257324e-01
7.012547254562377930e-01
-1.049424052238464355e+00
7.769823670387268066e-01
1.152783155441284180e+00
