4.368447363376617432e-01
-1.175600811839103699e-01
5.275519490242004395e-01
4.179351031780242920e-01
6.415529549121856689e-02
-3.606342077255249023e-01
-4.043697938323020935e-02
6.974516510963439941e-01
-2.096591740846633911e-01
4.150837659835815430e-01
2.052819430828094482e-01
-3.654924035072326660e-01
-1.153979748487472534e-01
-2.712451219558715820e-01
3.340044319629669189e-01
1.176183596253395081e-01
-2.603510022163391113e-01
3.844069540500640869e-01
-4.058707058429718018e-01
-3.013741038739681244e-02
-8.049153685569763184e-01
1.438258495181798935e-02
-1.451261937618255615e-01
-4.318485558032989502e-01
4.179484844207763672e-01
-3.253024220466613770e-01
-1.571215093135833740e-01
6.938990950584411621e-01
-8.814525604248046875e-02
9.017480611801147461e-01
