-3.624131083488464355e-01
-1.068545505404472351e-01
3.040791749954223633e-01
-5.491690635681152344e-01
2.576113343238830566e-01
5.285613536834716797e-01
1.059109047055244446e-01
4.589995145797729492e-01
2.090058177709579468e-01
5.474787950515747070e-01
5.263957381248474121e-01
2.408706545829772949e-01
-6.591718196868896484e-01
-2.039972096681594849e-01
1.148832514882087708e-01
1.965913176536560059e-01
-2.409673184156417847e-01
2.257543951272964478e-01
-2.941118478775024414e-01
3.677258789539337158e-01
-2.578074485063552856e-02
1.010434515774250031e-02
6.336766481399536133e-01
4.855120554566383362e-02
-3.729933798313140869e-01
-3.208881020545959473e-01
1.966509670019149780e-01
3.936674594879150391e-01
2.952901087701320648e-02
3.314496576786041260e-01
