-3.553762435913085938e-01
-2.885853052139282227e-01
7.030240893363952637e-01
-5.846439599990844727e-01
1.867178082466125488e-01
7.175533175468444824e-01
2.188660949468612671e-01
-3.948577940464019775e-01
5.890077352523803711e-01
3.162358403205871582e-01
6.503148674964904785e-01
2.443898618221282959e-01
1.213156878948211670e-01
-5.309303998947143555e-01
3.888253271579742432e-01
7.819941639900207520e-01
-5.295110866427421570e-02
2.108046412467956543e-01
-5.983057618141174316e-01
3.521394729614257812e-01
6.790935397148132324e-01
6.504369378089904785e-01
-5.071203112602233887e-01
-2.962751090526580811e-01
6.216182112693786621e-01
-2.275183498859405518e-01
-4.323093891143798828e-01
-5.403307080268859863e-02
-4.094567596912384033e-01
-1.585822999477386475e-01
