2.049150019884109497e-01
4.420065507292747498e-02
2.754022181034088135e-02
3.317549824714660645e-01
-7.059345841407775879e-01
8.304303884506225586e-01
-3.815785944461822510e-01
5.283424258232116699e-01
-3.936954736709594727e-01
4.308792948722839355e-01
3.866041302680969238e-01
6.271274685859680176e-01
-3.075200878083705902e-02
5.581785459071397781e-03
3.389283418655395508e-01
2.222298085689544678e-01
6.256117224693298340e-01
-5.635195374488830566e-01
4.011448323726654053e-01
2.773193418979644775e-01
-1.372066140174865723e-01
-2.853510379791259766e-01
8.137809038162231445e-01
-2.077210098505020142e-01
-7.159337401390075684e-01
6.475394964218139648e-01
3.326548635959625244e-01
2.021740190684795380e-02
-4.620131105184555054e-02
-1.718661934137344360e-01
