2.185204476118087769e-01
-2.904497981071472168e-01
5.858421325683593750e-01
9.195671416819095612e-03
-3.537238836288452148e-01
-5.397539734840393066e-01
5.598985552787780762e-01
-1.474829018115997314e-01
2.024958729743957520e-01
-4.424626529216766357e-01
7.957537174224853516e-01
-4.465518891811370850e-01
-5.956758856773376465e-01
-1.318480521440505981e-01
-2.934152185916900635e-01
-9.160885959863662720e-02
3.786363899707794189e-01
1.632123142480850220e-01
-1.504230350255966187e-01
3.960936367511749268e-01
-4.256425201892852783e-01
2.558377757668495178e-02
-4.510371088981628418e-01
-1.832370311021804810e-01
3.281878232955932617e-01
-1.265588998794555664e-01
4.882504940032958984e-01
9.235170483589172363e-01
-3.190128803253173828e-01
-4.051220417022705078e-01
