3.521048724651336670e-01
3.613113239407539368e-02
-3.970985710620880127e-01
-2.375271022319793701e-01
-1.668132841587066650e-01
6.974189877510070801e-01
7.965779304504394531e-01
4.964354634284973145e-01
4.133399724960327148e-01
6.913710832595825195e-01
-1.821122914552688599e-01
1.999233365058898926e-01
6.527543812990188599e-02
8.506672829389572144e-02
6.257572770118713379e-02
7.276743650436401367e-02
-2.211943417787551880e-01
-9.496414065361022949e-01
-3.467108607292175293e-01
-2.045551501214504242e-02
6.452009677886962891e-01
-5.747503638267517090e-01
-1.767104268074035645e-01
-2.396653741598129272e-01
-6.277578473091125488e-01
5.602483153343200684e-01
5.527137592434883118e-02
-7.943791151046752930e-02
-3.203387856483459473e-01
3.229051232337951660e-01
