1.424722820520401001e-01
-1.297837495803833008e-01
5.268582105636596680e-01
-4.557301402091979980e-01
-3.342804014682769775e-01
2.506218850612640381e-01
2.959231436252593994e-01
-5.579564571380615234e-01
-4.513262212276458740e-01
-6.743362545967102051e-01
2.625845074653625488e-01
-8.162018060684204102e-01
3.222320675849914551e-01
3.221912384033203125e-01
3.108051419258117676e-01
-5.017517805099487305e-01
-8.403156399726867676e-01
6.482560038566589355e-01
-7.966853976249694824e-01
-8.105378150939941406e-01
7.773361206054687500e-01
4.366260766983032227e-01
-3.650569543242454529e-02
-5.002647042274475098e-01
-3.315018415451049805e-01
8.684973120689392090e-01
1.882991790771484375e-01
-6.395518779754638672e-01
5.568664669990539551e-01
5.311539173126220703e-01
