2.420309036970138550e-01
5.182431936264038086e-01
-5.658491253852844238e-01
-2.260492146015167236e-01
-4.460127949714660645e-01
1.367980837821960449e-01
4.177279770374298096e-01
7.146717905998229980e-01
8.852388858795166016e-01
4.723575115203857422e-01
-5.547811985015869141e-01
1.805611550807952881e-01
-2.161262184381484985e-01
3.560615479946136475e-01
1.581275016069412231e-01
2.439598143100738525e-01
2.873828411102294922e-01
5.566414594650268555e-01
-4.858195781707763672e-02
4.933562576770782471e-01
5.179269313812255859e-01
5.092687532305717468e-02
-5.345876216888427734e-01
1.891224235296249390e-01
1.514306515455245972e-01
1.862530857324600220e-01
6.657669544219970703e-01
-2.375784665346145630e-01
-3.457038998603820801e-01
-3.167579174041748047e-01
