2.869523763656616211e-01
3.107741475105285645e-01
1.196358650922775269e-01
4.304418563842773438e-01
-2.946679294109344482e-01
4.953250885009765625e-01
-3.019600808620452881e-01
1.515963226556777954e-01
-1.958030462265014648e-01
5.104607343673706055e-01
-1.850426346063613892e-01
4.259921610355377197e-01
-5.151392221450805664e-01
-2.299487404525279999e-02
-5.363503098487854004e-01
6.038463711738586426e-01
-2.336306124925613403e-01
-1.426975242793560028e-02
-5.400357246398925781e-01
-5.929239988327026367e-01
-3.319139480590820312e-01
2.729274034500122070e-01
5.077841281890869141e-01
1.938778907060623169e-01
-1.161449998617172241e-01
9.938701987266540527e-02
2.003441601991653442e-01
-6.805665791034698486e-02
-4.021103382110595703e-01
3.108823895454406738e-01
