-1.107761636376380920e-01
8.467738330364227295e-02
-2.895415425300598145e-01
-1.670407056808471680e-01
1.326840817928314209e-01
2.487541139125823975e-01
5.579403042793273926e-02
3.122414648532867432e-01
2.170009762048721313e-01
4.186627268791198730e-02
1.089710220694541931e-01
2.536836564540863037e-01
-3.372855111956596375e-02
1.392474323511123657e-01
-5.974224954843521118e-02
4.022523760795593262e-01
3.213396966457366943e-01
4.403599202632904053e-01
-3.802336454391479492e-01
-9.240922331809997559e-02
-3.792566955089569092e-01
7.891037315130233765e-02
8.732518553733825684e-02
-4.115423187613487244e-02
-5.386486649513244629e-02
4.405818507075309753e-02
6.916104257106781006e-02
-3.207185268402099609e-01
-4.384751021862030029e-01
-3.838598728179931641e-02
