4.531340897083282471e-01
-5.068349465727806091e-02
-2.629187405109405518e-01
1.690306700766086578e-02
3.383291363716125488e-01
-4.312797784805297852e-01
2.767495810985565186e-01
2.014601416885852814e-02
-3.768838047981262207e-01
2.773785591125488281e-01
-2.749514281749725342e-01
3.095093667507171631e-01
3.432938754558563232e-01
1.046686470508575439e-01
-9.583370387554168701e-02
-2.376781404018402100e-01
7.186442613601684570e-01
3.052183985710144043e-01
9.505216777324676514e-02
-4.297600686550140381e-01
-1.842322796583175659e-01
-3.743602037429809570e-01
-2.385425120592117310e-01
-3.806625008583068848e-01
3.780471682548522949e-01
-9.180457144975662231e-02
-2.392797730863094330e-02
-2.784642875194549561e-01
-4.012764692306518555e-01
3.363528549671173096e-01
