2.803567945957183838e-01
3.482803106307983398e-01
1.093726530671119690e-01
2.698732912540435791e-02
1.836306154727935791e-01
2.280677556991577148e-01
4.966138899326324463e-01
2.510191202163696289e-01
6.629500538110733032e-02
-3.196429014205932617e-01
3.059194236993789673e-02
4.215541481971740723e-01
4.287732839584350586e-01
-2.169299274682998657e-01
4.616921246051788330e-01
5.622850656509399414e-01
5.462757349014282227e-01
3.792469799518585205e-01
-1.404705345630645752e-01
-3.203427791595458984e-01
1.727363765239715576e-01
-2.360556647181510925e-02
-3.001250028610229492e-01
7.906637340784072876e-02
6.145466864109039307e-02
1.494304239749908447e-01
-2.276987768709659576e-02
4.138406515121459961e-01
2.185502648353576660e-01
1.949437111616134644e-01
