-2.896849811077117920e-01
-3.145671188831329346e-01
-3.312914371490478516e-01
-1.463901400566101074e-01
1.998856514692306519e-01
5.620102286338806152e-01
-5.124610662460327148e-01
-3.953757584095001221e-01
3.300673961639404297e-01
2.230649739503860474e-01
3.677147254347801208e-02
-1.872435212135314941e-01
-4.419159293174743652e-01
-6.403013467788696289e-01
6.635560840368270874e-02
-2.577697336673736572e-01
-2.555134594440460205e-01
-2.870771288871765137e-01
7.613728195428848267e-02
-5.650168657302856445e-01
-1.720756292343139648e-01
-1.229343488812446594e-01
-1.713596284389495850e-01
4.139677286148071289e-01
1.045334804803133011e-02
1.001163851469755173e-02
-2.952712476253509521e-01
-2.783891279250383377e-03
-4.071644246578216553e-01
2.162701040506362915e-01
