-6.710365414619445801e-02
3.507876992225646973e-01
-3.111889362335205078e-01
-2.755429148674011230e-01
1.477848440408706665e-01
-7.992951869964599609e-01
-2.607974112033843994e-01
4.915659427642822266e-01
2.974416017532348633e-01
3.365853130817413330e-01
-2.408708333969116211e-01
-2.220358252525329590e-01
1.740786731243133545e-01
9.665253013372421265e-02
1.742724478244781494e-01
1.685535162687301636e-02
-2.300845645368099213e-02
2.627382576465606689e-01
2.553116083145141602e-01
-6.665688753128051758e-02
3.022743761539459229e-01
-1.168858259916305542e-01
5.170866847038269043e-01
-1.549158096313476562e-01
1.627194285392761230e-01
8.913027495145797729e-02
2.998703718185424805e-01
2.722207605838775635e-01
-2.520254254341125488e-01
5.158663168549537659e-02
