6.593465059995651245e-02
-7.664451748132705688e-02
-3.069433271884918213e-01
4.582600891590118408e-01
4.378775134682655334e-02
-2.379732280969619751e-01
1.389328092336654663e-01
4.851593822240829468e-02
3.070712983608245850e-01
4.016284830868244171e-03
1.047729328274726868e-01
2.151071429252624512e-01
2.722322046756744385e-01
-1.220868676900863647e-01
1.855248212814331055e-01
-1.378202438354492188e-01
4.165591299533843994e-01
1.585353314876556396e-01
-4.473266750574111938e-02
8.508088439702987671e-02
-2.142395228147506714e-01
5.395516753196716309e-01
-8.533675223588943481e-02
-1.365826278924942017e-01
-3.162110447883605957e-01
1.740979403257369995e-01
-9.209483116865158081e-02
-2.001641988754272461e-01
1.733466535806655884e-01
-2.384802252054214478e-01
