2.439285516738891602e-01
-3.678383231163024902e-01
-9.233999252319335938e-02
1.236946105957031250e+00
6.060228869318962097e-02
5.091703534126281738e-01
-7.277327179908752441e-01
-3.650257885456085205e-01
4.392643868923187256e-01
1.172063127160072327e-01
4.420172795653343201e-02
1.544106304645538330e-01
-1.057582944631576538e-01
6.932702660560607910e-01
7.832037210464477539e-01
-5.253036618232727051e-01
-7.539424300193786621e-01
-3.703438118100166321e-02
-7.274851202964782715e-01
4.459232464432716370e-02
8.312303423881530762e-01
5.711498856544494629e-01
-1.949428319931030273e-01
-8.526222705841064453e-01
3.342472314834594727e-01
2.383454740047454834e-01
-4.463836550712585449e-01
5.875353813171386719e-01
-5.793358087539672852e-01
-1.744560152292251587e-02
