6.605815887451171875e-01
-4.719300568103790283e-01
4.787594079971313477e-01
-5.599231719970703125e-01
6.122813224792480469e-01
1.298589110374450684e-01
1.134278178215026855e+00
-2.034453600645065308e-01
4.487939774990081787e-01
7.601369172334671021e-03
-6.575497984886169434e-01
-6.442018151283264160e-01
4.655887186527252197e-01
-9.047968983650207520e-01
7.499997615814208984e-01
6.774668097496032715e-01
-4.987475574016571045e-01
-2.216434925794601440e-01
-5.287240743637084961e-01
3.316066861152648926e-01
5.438249558210372925e-02
3.896410763263702393e-01
-5.324395895004272461e-01
6.433454155921936035e-01
-1.385278105735778809e-01
5.253251194953918457e-01
-1.732993125915527344e-01
5.119634047150611877e-02
1.397151499986648560e-01
2.172369956970214844e-01
