2.692979872226715088e-01
-9.951733797788619995e-02
-1.444272547960281372e-01
-2.025371342897415161e-01
3.954852372407913208e-02
3.265330493450164795e-01
3.620671033859252930e-01
1.394288092851638794e-01
-3.472628295421600342e-01
4.303629398345947266e-01
2.188220471143722534e-01
1.489550769329071045e-01
-3.176540434360504150e-01
7.589690387248992920e-02
-2.406770735979080200e-01
3.654309511184692383e-01
-4.303486645221710205e-01
1.227078735828399658e-01
-3.830130100250244141e-01
-1.240734606981277466e-01
2.161037772893905640e-01
1.803973168134689331e-01
-4.835205376148223877e-01
-3.855043351650238037e-01
-1.148185133934020996e-01
2.769129276275634766e-01
-1.934971362352371216e-01
-3.793589472770690918e-01
5.138112977147102356e-02
3.771683871746063232e-01
