3.005546033382415771e-01
-8.722976595163345337e-02
1.774335801601409912e-01
-1.779419779777526855e-01
-8.104518800973892212e-02
9.565535187721252441e-02
-2.334122508764266968e-01
1.575513780117034912e-01
-5.008991062641143799e-02
3.503896296024322510e-01
5.443649888038635254e-01
1.039180308580398560e-01
3.781381547451019287e-01
-1.247276291251182556e-01
-3.936556875705718994e-01
1.680562198162078857e-01
1.512200534343719482e-01
-1.707577258348464966e-01
2.380927056074142456e-01
-3.925403952598571777e-01
-2.599025964736938477e-01
1.089762151241302490e-01
4.291520416736602783e-01
-2.235305756330490112e-01
4.176117181777954102e-01
3.621485829353332520e-01
1.836245954036712646e-01
-3.579661548137664795e-01
2.518965005874633789e-01
4.186329245567321777e-01
