5.649808049201965332e-01
-1.523801833391189575e-01
5.678417086601257324e-01
1.698544323444366455e-01
9.890766143798828125e-01
-5.209066271781921387e-01
-8.874501287937164307e-02
8.449355959892272949e-01
-9.231511950492858887e-01
-3.240458667278289795e-01
4.559267461299896240e-01
8.569827079772949219e-01
-8.391158580780029297e-01
-1.989539861679077148e-01
8.345662951469421387e-01
6.619489938020706177e-02
-1.021331995725631714e-01
-5.613300204277038574e-01
7.612032890319824219e-01
7.078323960304260254e-01
-6.182277202606201172e-01
5.597965717315673828e-01
-4.299937188625335693e-01
2.374923676252365112e-01
-9.109431505203247070e-01
-1.730523258447647095e-01
-1.604476422071456909e-01
-1.767567992210388184e-01
-4.296966493129730225e-01
-5.308464765548706055e-01
