1.713357418775558472e-01
-8.574411869049072266e-01
-7.874844223260879517e-02
-3.391213119029998779e-01
-7.557991743087768555e-01
-2.081429064273834229e-01
2.578068077564239502e-01
7.582361698150634766e-01
9.218271076679229736e-02
-6.007486581802368164e-01
3.509459197521209717e-01
-5.245532095432281494e-02
-1.494438648223876953e-01
8.869249224662780762e-01
-2.329697459936141968e-02
2.914253175258636475e-01
-7.183701992034912109e-01
-7.405996918678283691e-01
5.083156824111938477e-01
-2.762184441089630127e-01
-1.591327935457229614e-01
-6.162531375885009766e-01
-8.385167121887207031e-01
-4.079158008098602295e-01
-3.059974014759063721e-01
5.795288681983947754e-01
-1.793232709169387817e-01
-4.873256385326385498e-01
-4.802999198436737061e-01
-1.747762709856033325e-01
