5.092115402221679688e-01
-4.827297329902648926e-01
6.915045380592346191e-01
-8.425726890563964844e-01
-8.226198554039001465e-01
5.839841365814208984e-01
2.709633111953735352e-01
-8.854941725730895996e-01
3.364783227443695068e-01
-3.144650161266326904e-01
5.610035061836242676e-01
6.432611346244812012e-01
-5.779773592948913574e-01
5.053279548883438110e-02
5.634318292140960693e-02
6.080790162086486816e-01
1.377348899841308594e-01
1.337640434503555298e-01
-9.977201819419860840e-01
2.581333816051483154e-01
-4.408483803272247314e-01
-1.515713632106781006e-01
1.910829395055770874e-01
-5.901575684547424316e-01
7.787631750106811523e-01
2.976113259792327881e-01
-2.489626556634902954e-01
-4.072726368904113770e-01
-5.348716974258422852e-01
1.360795795917510986e-01
