-2.428127527236938477e-01
-3.618229925632476807e-02
-1.942882686853408813e-01
1.933557689189910889e-01
7.656579613685607910e-01
9.067413210868835449e-02
9.376771450042724609e-01
1.525235325098037720e-01
-2.711768448352813721e-01
2.812853753566741943e-01
-3.416281938552856445e-01
-3.365105390548706055e-01
-3.356050848960876465e-01
-6.641703844070434570e-01
-5.745782330632209778e-02
-1.896458417177200317e-01
-5.205750465393066406e-01
1.458061933517456055e-01
5.527881383895874023e-01
2.015772759914398193e-01
1.959223151206970215e-01
-3.200406953692436218e-02
8.124974966049194336e-01
-2.855231761932373047e-01
-1.043464779853820801e+00
-2.826330959796905518e-01
-1.102715730667114258e+00
-1.298378705978393555e-01
4.455106258392333984e-01
3.975272774696350098e-01
