-4.457096159458160400e-01
-4.176549613475799561e-01
-2.567274495959281921e-02
8.496124297380447388e-02
-7.299644351005554199e-01
4.888971447944641113e-01
-5.523288846015930176e-01
3.773207366466522217e-01
-5.086006596684455872e-02
4.633225128054618835e-02
-2.148858010768890381e-01
-2.656924128532409668e-01
-1.006826758384704590e-02
7.870618700981140137e-01
2.426781803369522095e-01
-4.286167025566101074e-01
-9.241496026515960693e-02
1.591461151838302612e-01
-2.821113765239715576e-01
3.254835009574890137e-01
-2.643706798553466797e-01
-4.744251370429992676e-01
4.896232485771179199e-01
8.374080061912536621e-03
-2.709756195545196533e-01
1.396718502044677734e+00
2.324026823043823242e-01
5.571648478507995605e-01
-5.379015803337097168e-01
4.006546139717102051e-01
