5.740213990211486816e-01
-7.492228746414184570e-01
-3.603485822677612305e-01
7.123700976371765137e-01
4.308689832687377930e-01
4.184394478797912598e-01
-4.731650650501251221e-01
4.467023909091949463e-01
1.491160243749618530e-01
-3.702551126480102539e-01
-2.903451025485992432e-01
-1.350655555725097656e-01
7.771876454353332520e-02
3.660825788974761963e-01
3.793662190437316895e-01
-4.137296676635742188e-01
-2.240809798240661621e-01
-8.238121122121810913e-02
-1.323984563350677490e-01
4.176401495933532715e-01
-2.105774432420730591e-01
-4.774758815765380859e-01
-5.142824649810791016e-01
-1.409520767629146576e-02
2.199634909629821777e-01
3.279078006744384766e-01
4.542651474475860596e-01
3.159903883934020996e-01
-4.379577934741973877e-01
4.319903850555419922e-01
