-4.959369301795959473e-01
-1.556237488985061646e-01
-8.302780985832214355e-02
-3.791875541210174561e-01
-2.336339205503463745e-01
-3.216785565018653870e-02
-1.324083656072616577e-02
1.820816099643707275e-01
-3.683908283710479736e-02
-4.457040131092071533e-01
-3.621914684772491455e-01
-3.020583093166351318e-01
-3.189769089221954346e-01
-1.334084719419479370e-01
-8.446857333183288574e-01
-3.314909636974334717e-01
-1.410565525293350220e-01
-2.752215266227722168e-01
8.374595642089843750e-02
-5.782154202461242676e-01
3.018459975719451904e-01
4.286640509963035583e-02
1.637512445449829102e-01
-4.823852777481079102e-01
-2.585615515708923340e-01
1.327095478773117065e-01
3.961287736892700195e-01
-3.484842777252197266e-01
1.575222611427307129e-01
-1.841549873352050781e-01
