1.036400556564331055e+00
4.431824088096618652e-01
-6.503102183341979980e-01
-7.863219380378723145e-01
1.234226580709218979e-02
-2.403171509504318237e-01
2.789506912231445312e-01
-1.229414716362953186e-01
-2.922145724296569824e-01
3.479386270046234131e-01
-1.741690486669540405e-01
-6.250106692314147949e-01
4.706653654575347900e-01
-7.422236800193786621e-01
-1.210670590400695801e+00
-1.343535631895065308e-02
-2.052978724241256714e-01
6.804201602935791016e-01
4.834299087524414062e-01
-8.068220019340515137e-01
-4.463224858045578003e-02
-4.517400264739990234e-01
8.915306329727172852e-01
-4.905349016189575195e-01
-5.862873196601867676e-01
-7.681758999824523926e-01
-1.039952635765075684e-01
-2.993732988834381104e-01
8.307276368141174316e-01
-8.587209582328796387e-01
