3.783982992172241211e-01
2.357413619756698608e-02
-4.676722288131713867e-01
5.981268286705017090e-01
-6.697905808687210083e-02
1.073715761303901672e-01
-9.814403206110000610e-02
-5.158957242965698242e-01
4.302031993865966797e-01
-7.139398455619812012e-01
6.525340080261230469e-01
5.405188798904418945e-01
4.745228588581085205e-01
8.789045810699462891e-01
-4.901137053966522217e-01
-8.050185441970825195e-02
-5.015422403812408447e-02
-8.008416891098022461e-01
2.942446768283843994e-01
-7.032349109649658203e-01
-4.333121478557586670e-01
4.213877916336059570e-01
1.196243539452552795e-01
1.844733208417892456e-01
-5.562414526939392090e-01
5.463015437126159668e-01
1.018896847963333130e-01
1.489444673061370850e-01
4.086637198925018311e-01
2.706274390220642090e-01
