4.004720598459243774e-02
-4.418576061725616455e-01
-3.187251985073089600e-01
8.796995133161544800e-02
-3.042018413543701172e-01
-1.205547451972961426e-01
8.702727556228637695e-01
7.265549302101135254e-01
-2.391076683998107910e-01
-5.865220427513122559e-01
1.630242913961410522e-01
-5.052924752235412598e-01
-7.332355976104736328e-01
-4.804154932498931885e-01
-8.422735333442687988e-01
-2.270257323980331421e-01
2.663501501083374023e-01
-4.263821989297866821e-02
-2.740916013717651367e-01
-3.055899143218994141e-01
7.249535918235778809e-01
-8.807809352874755859e-01
6.183001995086669922e-01
9.020336270332336426e-01
-6.573386192321777344e-01
-7.002929449081420898e-01
8.130926489830017090e-01
-4.570321738719940186e-01
4.236060008406639099e-02
-3.681820034980773926e-01
