-1.419747173786163330e-01
4.593997597694396973e-01
6.511440277099609375e-01
3.201422095298767090e-01
4.202083349227905273e-01
1.943210065364837646e-01
5.969372391700744629e-01
8.020045757293701172e-01
7.675603777170181274e-02
2.457330375909805298e-01
-3.071794211864471436e-01
4.531778395175933838e-01
-7.503288388252258301e-01
-3.077319860458374023e-01
1.277819871902465820e-01
3.412430584430694580e-01
-2.227108180522918701e-01
3.103204369544982910e-01
9.294445067644119263e-02
-1.321810185909271240e-01
-2.858692407608032227e-01
-4.819525182247161865e-01
-1.517834663391113281e-01
-3.621497750282287598e-01
-6.408955454826354980e-01
-4.504085183143615723e-01
9.598378092050552368e-02
-1.181269288063049316e-01
-1.453141123056411743e-01
5.790919065475463867e-01
