3.762277960777282715e-01
3.721574544906616211e-01
-6.294177770614624023e-01
-8.951926976442337036e-02
1.262521147727966309e-01
-4.294531345367431641e-01
7.241816520690917969e-01
6.022999882698059082e-01
-7.327361106872558594e-01
-3.795102238655090332e-01
4.963200092315673828e-01
1.997144073247909546e-01
2.918880581855773926e-01
3.864223957061767578e-01
1.518252938985824585e-01
2.762523246929049492e-03
9.562258422374725342e-02
1.623864024877548218e-01
-3.430570363998413086e-01
3.416785001754760742e-01
-4.794903695583343506e-01
-1.653097122907638550e-01
-8.933623433113098145e-01
-4.577425718307495117e-01
3.179683983325958252e-01
3.525873422622680664e-01
-1.250342428684234619e-01
2.745813429355621338e-01
6.428940594196319580e-02
-2.510500848293304443e-01
