-9.128044247627258301e-01
-4.590587615966796875e-01
-2.193564921617507935e-01
5.170089751482009888e-02
6.945526003837585449e-01
-1.165762245655059814e-01
6.645529866218566895e-01
1.668453961610794067e-01
-1.086662411689758301e+00
5.568482279777526855e-01
-3.763565421104431152e-01
1.405561864376068115e-01
-4.161407053470611572e-01
3.624049127101898193e-01
2.701803147792816162e-01
4.674878716468811035e-01
3.484672605991363525e-01
1.352632939815521240e-01
6.038105487823486328e-01
3.050384819507598877e-01
6.881051659584045410e-01
2.927074730396270752e-01
2.048533111810684204e-01
-3.924838900566101074e-01
5.132969021797180176e-01
-2.166795581579208374e-01
-8.404547721147537231e-02
-4.706243872642517090e-01
-2.773408591747283936e-02
-5.866497159004211426e-01
