3.503243923187255859e-01
-7.068633437156677246e-01
1.476626247167587280e-01
-3.015989363193511963e-01
-4.469607472419738770e-01
-2.698797285556793213e-01
-5.639120563864707947e-02
-5.330104231834411621e-01
4.525644183158874512e-01
5.093879252672195435e-02
4.382893741130828857e-01
-7.874114438891410828e-03
-4.748411178588867188e-01
-4.396031498908996582e-01
-2.585374712944030762e-01
5.422741919755935669e-02
4.245156049728393555e-01
4.569266457110643387e-03
-2.154756933450698853e-01
8.494620323181152344e-01
-5.496184825897216797e-01
-2.578104138374328613e-01
-3.049023151397705078e-01
-2.481423765420913696e-01
1.171200647950172424e-01
2.200749889016151428e-02
3.510170876979827881e-01
3.517505526542663574e-01
-5.557709336280822754e-01
4.413259923458099365e-01
