3.293981552124023438e-01
2.972927130758762360e-02
3.151834011077880859e-01
-1.790619343519210815e-01
-2.409893572330474854e-01
2.861640155315399170e-01
-3.515363037586212158e-01
-1.090709194540977478e-01
1.403241306543350220e-01
5.641738325357437134e-02
-1.350670009851455688e-01
-9.940986521542072296e-03
-2.744152247905731201e-01
9.654620289802551270e-02
-2.974760532379150391e-01
-2.171230167150497437e-01
2.911948263645172119e-01
3.830067515373229980e-01
1.732055991888046265e-01
-2.642646618187427521e-02
-1.894649118185043335e-02
5.814803764224052429e-02
1.662537604570388794e-01
1.990990638732910156e-01
-4.630185721907764673e-04
-1.590164601802825928e-01
-6.013178452849388123e-02
-1.656552702188491821e-01
1.067672818899154663e-01
-2.260236889123916626e-01
