-4.660439789295196533e-01
-3.691480755805969238e-01
4.103821814060211182e-01
5.832889676094055176e-01
-5.406708121299743652e-01
4.350852966308593750e-01
8.830657601356506348e-02
2.740258872509002686e-01
-9.152821898460388184e-01
-1.162379384040832520e-01
1.594751924276351929e-01
-1.704272627830505371e-01
-3.102622032165527344e-01
3.784987330436706543e-01
-1.587442755699157715e-01
5.425578951835632324e-01
4.595918357372283936e-01
5.098640918731689453e-01
6.938996911048889160e-01
-2.710185647010803223e-01
-6.420738697052001953e-01
4.067603349685668945e-01
-1.394391953945159912e-01
-4.988163113594055176e-01
4.361255168914794922e-01
-3.589906990528106689e-01
7.975839376449584961e-01
-4.606086611747741699e-01
7.467446923255920410e-01
8.823443651199340820e-01
