-1.156426221132278442e-02
8.766876161098480225e-02
3.556962907314300537e-01
5.411097034811973572e-02
-6.010710000991821289e-01
-3.746092319488525391e-01
-4.172043502330780029e-01
1.563916951417922974e-01
1.890789270401000977e-01
-5.874943733215332031e-01
-4.888835251331329346e-01
3.044560551643371582e-01
-2.913723289966583252e-01
2.533216476440429688e-01
1.998039633035659790e-01
-5.811458826065063477e-01
7.417782545089721680e-01
-6.891826391220092773e-01
1.588706523180007935e-01
6.792992353439331055e-01
-4.073630273342132568e-01
-2.016357630491256714e-01
4.841439127922058105e-01
4.473657310009002686e-01
-1.689535081386566162e-01
1.128158345818519592e-01
-1.998565495014190674e-01
-1.556306183338165283e-01
-5.206907987594604492e-01
-5.265853404998779297e-01
