5.326742529869079590e-01
-3.657446801662445068e-01
3.045625090599060059e-01
1.778593063354492188e-01
-4.575939383357763290e-03
2.404906302690505981e-01
-1.129200160503387451e-01
6.549340486526489258e-02
-1.652052253484725952e-01
-2.987907230854034424e-01
-5.376237034797668457e-01
1.024038195610046387e-01
9.589129686355590820e-02
-1.460637152194976807e-01
1.412322968244552612e-01
-9.968137145042419434e-01
7.613820582628250122e-02
2.918735332787036896e-02
5.515689402818679810e-02
-2.713400721549987793e-01
6.031835079193115234e-01
1.448003053665161133e-01
2.863039970397949219e-01
-1.187328845262527466e-01
-1.102442741394042969e-01
-7.779113054275512695e-01
5.496077239513397217e-02
1.666861586272716522e-02
4.776053130626678467e-01
3.410395085811614990e-01
