-5.684157609939575195e-01
4.278182983398437500e-01
-2.895590066909790039e-01
2.689495086669921875e-01
-4.736273586750030518e-01
-8.332940936088562012e-02
2.596226632595062256e-01
-6.014488935470581055e-01
-3.690984845161437988e-01
-2.684797942638397217e-01
4.009342752397060394e-03
-4.347169399261474609e-01
-8.322539925575256348e-02
-5.419047474861145020e-01
-6.612973213195800781e-01
3.674905374646186829e-02
-2.334349006414413452e-01
-2.314519435167312622e-01
-3.434746563434600830e-01
5.852193236351013184e-01
-3.470385372638702393e-01
1.162906587123870850e-01
4.471579194068908691e-02
-2.620714604854583740e-01
-2.757670879364013672e-01
1.034238338470458984e-01
5.340720415115356445e-01
4.037979841232299805e-01
2.311311662197113037e-01
-2.229315638542175293e-01
