-8.840467929840087891e-01
5.068872570991516113e-01
-5.293830037117004395e-01
-7.807124406099319458e-02
2.887694537639617920e-01
-5.890407562255859375e-01
4.563342630863189697e-01
2.484060525894165039e-01
1.921382546424865723e-01
-8.191413879394531250e-01
4.922202229499816895e-01
8.313978090882301331e-03
5.523630976676940918e-01
-5.602248907089233398e-01
-7.059761285781860352e-01
3.554432988166809082e-01
-4.017022848129272461e-01
3.624605536460876465e-01
1.582866162061691284e-01
-4.760306328535079956e-02
-2.278205305337905884e-01
-6.221427321434020996e-01
4.164409637451171875e-01
-3.135398924350738525e-01
-6.302332878112792969e-01
3.408314883708953857e-01
3.127174973487854004e-01
2.879444882273674011e-02
-4.414865076541900635e-01
4.431286156177520752e-01
