2.297072261571884155e-01
3.790671229362487793e-01
1.992763280868530273e-01
-3.277861773967742920e-01
2.021214812994003296e-01
-6.092728972434997559e-01
2.756813764572143555e-01
4.377373754978179932e-01
1.291856318712234497e-01
6.646800041198730469e-01
-4.832943379878997803e-01
2.281834557652473450e-02
4.944190010428428650e-02
-8.475463092327117920e-02
-1.269880533218383789e-01
-2.744987607002258301e-01
-1.919869482517242432e-01
-3.985060155391693115e-01
-1.791892796754837036e-01
-5.325935482978820801e-01
-4.304040074348449707e-01
1.927173286676406860e-01
-3.969706594944000244e-01
-2.267372310161590576e-01
-4.994756281375885010e-01
-2.089801579713821411e-01
-3.070601522922515869e-01
2.768386900424957275e-01
3.308891952037811279e-01
-2.683574855327606201e-01
