-6.279854774475097656e-01
-4.125972688198089600e-01
4.293267428874969482e-01
-7.427628040313720703e-01
-4.930491149425506592e-01
-4.779423475265502930e-01
4.869818985462188721e-01
-1.042136847972869873e-01
-1.024445816874504089e-01
-6.164894700050354004e-01
1.918205022811889648e-01
-1.260977983474731445e-01
1.843357980251312256e-01
4.845666885375976562e-01
-1.774444580078125000e-01
1.706852763891220093e-01
-2.892684638500213623e-01
3.443171381950378418e-01
-6.167320609092712402e-01
-2.389266639947891235e-01
-3.698514699935913086e-01
-4.239708781242370605e-01
3.970386087894439697e-01
-5.223723053932189941e-01
6.038250327110290527e-01
5.838406085968017578e-01
7.707767486572265625e-01
1.895673573017120361e-01
-3.250073492527008057e-01
5.896876454353332520e-01
