3.788107037544250488e-01
-2.331319004297256470e-01
-1.877438724040985107e-01
-2.700986564159393311e-01
-2.836584150791168213e-01
3.190428316593170166e-01
-1.110713928937911987e-02
-3.857634961605072021e-02
2.258614748716354370e-01
-2.539334259927272797e-02
4.905971288681030273e-01
-1.411022245883941650e-01
1.773608177900314331e-01
3.853567242622375488e-01
4.663193821907043457e-01
2.541314363479614258e-01
1.106528863310813904e-01
1.874408125877380371e-02
-1.063020452857017517e-01
-3.241223990917205811e-01
2.844659090042114258e-01
-5.113312005996704102e-01
3.410668075084686279e-01
-2.816318571567535400e-01
-1.331044882535934448e-01
2.725220918655395508e-01
-6.426472961902618408e-02
-3.814934790134429932e-01
1.431940495967864990e-01
1.970309764146804810e-01
