1.160427629947662354e-01
5.870175361633300781e-01
8.185124993324279785e-01
6.191291213035583496e-01
1.824988573789596558e-01
-1.787356734275817871e-01
-7.177674770355224609e-02
5.301015377044677734e-01
7.826504856348037720e-02
-3.276369869709014893e-01
3.102232813835144043e-01
7.045715302228927612e-02
3.779035210609436035e-01
3.871908783912658691e-02
2.970236539840698242e-01
-3.558295965194702148e-01
-5.396634936332702637e-01
-1.258793175220489502e-01
-6.690006852149963379e-01
-7.150623202323913574e-01
1.279782801866531372e-01
5.031175613403320312e-01
6.311588883399963379e-01
8.162624835968017578e-01
1.475944668054580688e-01
-1.136970594525337219e-01
-5.139036178588867188e-01
7.275213599205017090e-01
-5.171767473220825195e-01
-3.035779893398284912e-01
