1.073039919137954712e-01
1.591549515724182129e-01
-1.255659663002006710e-05
1.635982096195220947e-01
-1.259532868862152100e-01
-1.593336313962936401e-01
-8.206860721111297607e-02
-1.681742221117019653e-01
1.114770304411649704e-02
-1.765828132629394531e-01
2.001896128058433533e-02
-1.462935358285903931e-01
-1.012492775917053223e-01
-1.501348018646240234e-01
5.577035993337631226e-02
9.762507677078247070e-02
-1.526654362678527832e-01
1.703612357378005981e-01
3.173527866601943970e-02
-9.649249911308288574e-02
1.509484928101301193e-02
-1.948434263467788696e-01
6.605146080255508423e-02
6.147585436701774597e-02
-8.226902037858963013e-02
7.174035161733627319e-02
-1.322441399097442627e-01
7.527622580528259277e-02
3.586501628160476685e-02
4.658795520663261414e-02
