4.231357574462890625e-02
3.679026067256927490e-01
-7.585436105728149414e-02
3.023456335067749023e-01
3.520559668540954590e-01
6.158849000930786133e-01
7.273720949888229370e-02
3.579332232475280762e-01
-1.674464941024780273e-01
4.312528371810913086e-01
-1.084523126482963562e-01
-5.433766841888427734e-01
-3.794130384922027588e-01
6.393884420394897461e-01
4.960223734378814697e-01
-3.017744123935699463e-01
-2.798435688018798828e-01
-3.963147401809692383e-01
-4.981167912483215332e-01
4.790090918540954590e-01
4.142204523086547852e-01
-2.946330904960632324e-01
-6.310432683676481247e-03
-5.474054217338562012e-01
-1.733411252498626709e-01
-8.062531352043151855e-01
3.267004787921905518e-01
-6.633338928222656250e-01
4.359056055545806885e-01
2.925172150135040283e-01
