-1.429727673530578613e-01
1.882437765598297119e-01
-3.946621343493461609e-02
2.498805373907089233e-01
-2.649452090263366699e-01
-1.320839822292327881e-01
4.227609336376190186e-01
4.103608429431915283e-01
3.727424144744873047e-01
2.395945042371749878e-01
-3.394747078418731689e-01
4.313641488552093506e-01
5.070918202400207520e-01
6.547563523054122925e-02
-4.637825787067413330e-01
-4.204249978065490723e-01
6.269357204437255859e-01
3.069988787174224854e-01
-6.685531735420227051e-01
-2.886446751654148102e-02
-1.296281069517135620e-01
-5.454285070300102234e-02
1.309971213340759277e-01
2.138001769781112671e-01
1.883244067430496216e-01
2.638075947761535645e-01
4.526783153414726257e-02
5.321142673492431641e-01
-3.398478031158447266e-01
-2.408154904842376709e-01
