9.571437239646911621e-01
3.386941850185394287e-01
7.091662883758544922e-01
2.732628583908081055e-01
-6.219339370727539062e-01
5.063332915306091309e-01
1.822431236505508423e-01
-1.631661355495452881e-01
-4.292227923870086670e-01
-3.338639438152313232e-01
-5.833242535591125488e-01
7.742751836776733398e-01
7.514809966087341309e-01
-7.926363945007324219e-01
3.795903027057647705e-01
-4.435469210147857666e-02
1.795274168252944946e-01
-8.702427744865417480e-01
1.331573486328125000e+00
3.884037435054779053e-01
6.200453042984008789e-01
3.471718728542327881e-01
1.104702949523925781e+00
-5.141912102699279785e-01
6.864401102066040039e-01
-6.911310553550720215e-01
-3.307050764560699463e-01
-3.384233117103576660e-01
1.387265473604202271e-01
-8.159054517745971680e-01
