-6.310063600540161133e-01
-8.777767419815063477e-01
-3.650633096694946289e-01
3.606663048267364502e-01
-9.456615149974822998e-02
-3.376384973526000977e-01
3.570761382579803467e-01
4.857428371906280518e-01
4.865209162235260010e-01
3.389047682285308838e-01
-8.775095343589782715e-01
-3.685129284858703613e-01
-7.006515264511108398e-01
3.152945637702941895e-01
2.830907702445983887e-01
5.048301219940185547e-01
-4.546917378902435303e-01
-1.932182908058166504e-01
1.990323215723037720e-01
9.201771616935729980e-01
7.712579965591430664e-01
-2.426044046878814697e-01
-8.465851545333862305e-01
9.036584943532943726e-02
2.187930978834629059e-03
3.134382516145706177e-02
8.375979065895080566e-01
-6.161472797393798828e-01
6.982823014259338379e-01
3.067304790019989014e-01
