7.852569818496704102e-01
-1.213312268257141113e+00
5.632670521736145020e-01
3.847214579582214355e-01
2.992615699768066406e-01
-1.888835281133651733e-01
-2.785998582839965820e-01
-6.003565788269042969e-01
6.879747509956359863e-01
-2.152444273233413696e-01
-5.788783431053161621e-01
-7.446023635566234589e-03
-1.184930801391601562e-01
4.947728812694549561e-01
-8.076616525650024414e-01
-6.827359199523925781e-01
5.107100009918212891e-01
-6.323046684265136719e-01
-9.988382458686828613e-02
-4.465690255165100098e-01
-7.979358434677124023e-01
-1.196989417076110840e+00
-3.747456520795822144e-02
3.070102930068969727e-01
-5.487868785858154297e-01
-2.550046443939208984e-01
-7.263385653495788574e-01
-3.704448640346527100e-01
-2.868549525737762451e-01
-2.678396701812744141e-01
