1.236397504806518555e+00
9.483285993337631226e-02
3.678382039070129395e-01
8.679093122482299805e-01
-7.286443114280700684e-01
8.815580606460571289e-01
8.857848644256591797e-01
-6.611258983612060547e-01
3.425038456916809082e-01
6.628745198249816895e-01
1.037507429718971252e-01
-8.348625898361206055e-01
-5.629145503044128418e-01
-2.661605551838874817e-02
-3.720811605453491211e-01
-3.946368396282196045e-01
7.800879478454589844e-01
1.711256653070449829e-01
3.725267052650451660e-01
4.269640743732452393e-01
-1.676840893924236298e-02
-2.355441898107528687e-01
-3.078712522983551025e-01
8.040267229080200195e-01
8.591716885566711426e-01
2.776184082031250000e-01
-7.356193661689758301e-01
7.899374365806579590e-01
3.175847828388214111e-01
-9.001908302307128906e-01
