3.952203094959259033e-01
2.969401329755783081e-02
-7.092216610908508301e-01
3.462082147598266602e-01
-5.638052225112915039e-01
1.294460147619247437e-01
1.342086344957351685e-01
-2.855581343173980713e-01
-4.126065969467163086e-01
3.630229234695434570e-01
2.746612429618835449e-01
-4.264390468597412109e-01
2.106586247682571411e-01
-4.153932332992553711e-01
4.124232530593872070e-01
6.968460679054260254e-01
-1.832107752561569214e-01
4.997563958168029785e-01
-5.005175471305847168e-01
5.706986784934997559e-01
-6.266710162162780762e-01
-6.020049750804901123e-02
-2.184071987867355347e-01
3.489829003810882568e-01
-3.485790491104125977e-01
-5.156078934669494629e-02
2.009859532117843628e-01
-5.695955455303192139e-02
-7.825516909360885620e-02
-6.116057038307189941e-01
