2.897127568721771240e-01
-1.980995237827301025e-01
-3.728721141815185547e-01
4.088066518306732178e-01
-2.682556211948394775e-01
-3.590611517429351807e-01
-1.237128078937530518e-01
3.409747406840324402e-02
-5.519894510507583618e-02
-7.153729796409606934e-01
2.605553567409515381e-01
5.187552794814109802e-02
3.138717412948608398e-01
-4.042509198188781738e-01
-8.785606622695922852e-01
3.779470920562744141e-01
4.797287285327911377e-01
-3.112808763980865479e-01
1.029486879706382751e-01
8.499420434236526489e-02
-5.955393910408020020e-01
1.679779589176177979e-02
-9.823283553123474121e-02
-3.708833456039428711e-01
6.279061436653137207e-01
1.341337561607360840e-01
-6.180365011096000671e-02
-3.332163095474243164e-01
-3.526313304901123047e-01
-1.718675792217254639e-01
