-2.020985446870326996e-02
1.981160789728164673e-01
3.253434300422668457e-01
1.304448693990707397e-01
-1.023226156830787659e-01
4.344375729560852051e-01
6.856715679168701172e-01
-3.596816360950469971e-01
-7.508973777294158936e-02
-3.558748662471771240e-01
-3.269582986831665039e-01
-4.829617589712142944e-02
-5.762301683425903320e-01
2.416398376226425171e-01
-3.063461184501647949e-01
-7.020560503005981445e-01
-2.817030251026153564e-01
-2.147191017866134644e-01
-1.893271952867507935e-01
-1.740097254514694214e-01
-2.995434999465942383e-01
-2.518219649791717529e-01
3.897210359573364258e-01
-2.797906994819641113e-01
-3.573775589466094971e-01
-3.592579960823059082e-01
1.101650074124336243e-01
2.490649372339248657e-01
5.455139651894569397e-02
-1.853753030300140381e-01
