-1.791999489068984985e-01
-1.625281870365142822e-01
-2.759041190147399902e-01
-7.528000473976135254e-01
3.768029510974884033e-01
8.976604938507080078e-01
-3.638330101966857910e-01
-2.503344714641571045e-01
1.273889064788818359e+00
2.269529849290847778e-01
-2.137655615806579590e-01
-5.981336236000061035e-01
-4.544029235839843750e-01
1.889974623918533325e-01
7.877358198165893555e-01
2.561785280704498291e-01
3.014588262885808945e-03
6.549963951110839844e-01
-3.274355232715606689e-01
-7.975793480873107910e-01
-1.361995935440063477e-01
1.285575479269027710e-01
2.193064093589782715e-01
-4.556422531604766846e-01
-8.328974246978759766e-01
1.619552373886108398e-01
1.095992565155029297e+00
5.346007347106933594e-01
3.020812273025512695e-01
-4.116766750812530518e-01
