9.756875634193420410e-01
-6.259431838989257812e-01
3.872503638267517090e-01
4.934273660182952881e-02
5.526778697967529297e-01
-3.818650543689727783e-01
3.073649480938911438e-02
6.015661954879760742e-01
4.526823163032531738e-01
3.325827047228813171e-02
-4.810539484024047852e-01
-5.409573316574096680e-01
5.626661181449890137e-01
7.564750313758850098e-02
-7.369853854179382324e-01
-4.534941613674163818e-01
1.299416124820709229e-01
5.424750447273254395e-01
5.509806871414184570e-01
-2.815951406955718994e-01
8.015982806682586670e-02
3.368934988975524902e-01
5.770117640495300293e-01
1.183139324188232422e+00
4.015811085700988770e-01
-4.829695522785186768e-01
1.399526298046112061e-01
-6.163318753242492676e-01
-4.807436466217041016e-02
4.566148519515991211e-01
