-3.829222917556762695e-01
-5.340905189514160156e-01
7.095439434051513672e-01
7.854854315519332886e-02
4.980682730674743652e-01
-2.546706497669219971e-01
2.694678306579589844e-01
5.858894586563110352e-01
-3.752840161323547363e-01
-1.194669902324676514e-01
-4.780727624893188477e-01
-7.776237279176712036e-02
-5.635619759559631348e-01
-5.733587741851806641e-01
-4.795234799385070801e-01
5.519368648529052734e-01
-9.424209594726562500e-02
5.636753439903259277e-01
-6.369368433952331543e-01
7.771044969558715820e-01
5.166372060775756836e-01
4.093394875526428223e-01
1.103878393769264221e-01
1.754890978336334229e-01
-3.800409734249114990e-01
3.118169307708740234e-01
6.508436799049377441e-01
3.935658335685729980e-01
6.785444021224975586e-01
-2.686595022678375244e-01
