-4.901266396045684814e-01
-4.411876201629638672e-01
-1.494537740945816040e-01
-4.674946963787078857e-01
-4.717705771327018738e-02
-9.552818536758422852e-01
-3.396419286727905273e-01
-3.717892765998840332e-01
2.869335114955902100e-01
-4.285061359405517578e-01
-6.343641877174377441e-01
-2.817133665084838867e-01
1.921459734439849854e-01
-3.414510190486907959e-02
4.127005487680435181e-02
1.147703081369400024e-01
2.623192965984344482e-01
-2.634351849555969238e-01
-6.640900373458862305e-01
-6.386693120002746582e-01
-7.632348537445068359e-01
-2.718691229820251465e-01
3.336438834667205811e-01
1.859746873378753662e-01
5.028033256530761719e-01
-1.535055637359619141e-01
-1.732201576232910156e-01
-2.366747260093688965e-01
-4.836316704750061035e-01
-1.748972339555621147e-03
