-9.740729331970214844e-01
7.437214851379394531e-01
-6.810332536697387695e-01
8.728368580341339111e-02
2.021429091691970825e-01
1.126651018857955933e-01
1.687126606702804565e-01
-1.101318001747131348e+00
3.533141016960144043e-01
-1.592013984918594360e-01
2.424435922876000404e-03
-3.341778218746185303e-01
1.371525526046752930e-01
9.033340215682983398e-01
3.800675570964813232e-01
-5.611443519592285156e-01
1.313278377056121826e-01
-6.864999532699584961e-01
4.091177880764007568e-01
1.268407106399536133e+00
-8.865076303482055664e-01
-6.383472681045532227e-01
-7.323434948921203613e-01
3.380533456802368164e-01
6.506202816963195801e-01
-7.483872175216674805e-01
-4.965316131711006165e-02
6.167956590652465820e-01
9.737581014633178711e-02
4.129175841808319092e-01
