3.884188532829284668e-01
-6.436452269554138184e-02
6.478843092918395996e-02
3.053714036941528320e-01
-2.220037579536437988e-01
-1.759455800056457520e-01
-3.094380199909210205e-01
8.572126179933547974e-02
-2.329894900321960449e-01
-1.539311110973358154e-01
-1.721071749925613403e-01
7.401248067617416382e-02
4.286812841892242432e-01
-2.741959393024444580e-01
1.133791729807853699e-01
3.779299259185791016e-01
3.868904113769531250e-01
-2.633203864097595215e-01
-2.896545529365539551e-01
3.664350137114524841e-02
5.932171344757080078e-01
-9.389627724885940552e-03
4.748655259609222412e-01
-3.096135556697845459e-01
-4.386731982231140137e-01
-2.424012124538421631e-01
-2.068116962909698486e-01
-3.779774010181427002e-01
1.924106627702713013e-01
-2.216616421937942505e-01
