7.086553610861301422e-03
-1.546395272016525269e-01
-3.765793144702911377e-01
3.180962055921554565e-02
6.765438318252563477e-01
-3.353705704212188721e-01
2.402333468198776245e-01
2.142325788736343384e-01
-2.562192082405090332e-01
2.873169183731079102e-01
-3.913847208023071289e-01
-4.786333739757537842e-01
-1.490838378667831421e-01
2.251410484313964844e-01
3.487584292888641357e-01
-3.694848120212554932e-01
1.259396225214004517e-01
-3.136737346649169922e-01
-2.410696595907211304e-01
-3.016257099807262421e-02
3.455550596117973328e-02
-1.096901521086692810e-01
4.883240461349487305e-01
-2.219005972146987915e-01
-4.975031316280364990e-01
7.225415855646133423e-02
3.833646774291992188e-01
-2.944492995738983154e-01
-4.253504797816276550e-02
-5.522791147232055664e-01
