-2.931241691112518311e-01
-8.352953940629959106e-02
1.390887618064880371e+00
1.508595496416091919e-01
2.541175484657287598e-01
4.186420738697052002e-01
-3.799649178981781006e-01
-4.612708687782287598e-01
4.239145517349243164e-01
-3.259355425834655762e-01
-2.238639891147613525e-01
2.199024707078933716e-01
3.107910156250000000e-01
-1.420948952436447144e-01
1.015003323554992676e-01
5.416843891143798828e-01
-4.669480919837951660e-01
-1.189193651080131531e-01
-4.272734820842742920e-01
-1.429472584277391434e-02
4.408017396926879883e-01
-4.249929189682006836e-01
-1.779150515794754028e-01
2.532035708427429199e-01
-5.368443131446838379e-01
4.952156171202659607e-02
3.713227212429046631e-01
1.082708220928907394e-02
-2.307584434747695923e-01
-2.904056310653686523e-01
