-5.227456092834472656e-01
-4.363676011562347412e-01
2.038066983222961426e-01
-6.302682757377624512e-01
1.664163619279861450e-01
3.484726250171661377e-01
-7.954229116439819336e-01
-2.230426371097564697e-01
5.340721011161804199e-01
-7.063434123992919922e-01
8.662042208015918732e-03
5.769909620285034180e-01
4.112519919872283936e-01
1.036160349845886230e+00
8.221461772918701172e-01
-3.008717596530914307e-01
8.312029838562011719e-01
-7.634956240653991699e-01
-1.244547843933105469e+00
4.593524932861328125e-01
-1.602898091077804565e-01
1.249671876430511475e-01
-6.899046301841735840e-01
1.123990714550018311e-01
4.853210598230361938e-02
3.658622801303863525e-01
5.488148331642150879e-01
-8.284996151924133301e-01
-1.715634167194366455e-01
9.909168481826782227e-01
