7.514000684022903442e-02
4.012849926948547363e-01
-4.142543673515319824e-01
3.435845971107482910e-01
3.924194276332855225e-01
3.722597062587738037e-01
-5.404307842254638672e-01
3.666301025077700615e-03
-4.058444499969482422e-01
-5.862908959388732910e-01
-5.976933240890502930e-01
1.166270002722740173e-01
2.979227006435394287e-01
3.743502497673034668e-01
2.060049623250961304e-01
3.487352728843688965e-01
3.048162758350372314e-01
1.639048159122467041e-01
-2.986705899238586426e-01
-2.479851543903350830e-01
3.255204260349273682e-01
4.837081134319305420e-01
4.117839038372039795e-01
8.527368307113647461e-02
2.412741035223007202e-01
2.546548545360565186e-01
1.602648943662643433e-01
-2.375618815422058105e-01
2.785385251045227051e-01
-3.648436665534973145e-01
