-5.326982587575912476e-02
5.853683948516845703e-01
3.956074416637420654e-01
4.492994546890258789e-01
-4.852329492568969727e-01
1.493874490261077881e-01
-1.067034751176834106e-01
6.511966586112976074e-01
-9.064295887947082520e-01
6.573267579078674316e-01
-3.670563101768493652e-01
-7.364923357963562012e-01
1.008219718933105469e-01
-5.375807285308837891e-01
4.561100900173187256e-01
8.430156111717224121e-01
6.081765294075012207e-01
3.244124352931976318e-01
7.627677321434020996e-01
-5.678460001945495605e-01
6.637781262397766113e-01
-2.738561034202575684e-01
3.645743429660797119e-01
5.109202861785888672e-01
5.342963933944702148e-01
2.164894342422485352e-01
-9.905956983566284180e-01
-2.930123805999755859e-01
9.987378492951393127e-03
4.867733120918273926e-01
