5.548070073127746582e-01
3.293902277946472168e-01
-5.024378299713134766e-01
-1.623802036046981812e-01
-6.221627593040466309e-01
-5.458984971046447754e-01
-1.992261111736297607e-01
-3.534655272960662842e-01
-2.181300669908523560e-01
5.436734557151794434e-01
3.036729693412780762e-01
-6.077671647071838379e-01
4.866661876440048218e-02
-5.393388867378234863e-01
-4.644128680229187012e-01
1.907187700271606445e-01
4.219770804047584534e-02
3.549934625625610352e-01
-5.185757279396057129e-01
-7.069227695465087891e-01
1.412241607904434204e-01
-2.443314939737319946e-01
-2.626572847366333008e-01
-1.107577323913574219e+00
-3.493589162826538086e-01
-8.740699291229248047e-01
6.681055426597595215e-01
8.495226502418518066e-01
-4.879746958613395691e-02
-1.235672757029533386e-01
