-3.194884657859802246e-01
-5.438172221183776855e-01
5.767602846026420593e-02
6.447176337242126465e-01
6.784319877624511719e-01
-3.811201155185699463e-01
-2.403740286827087402e-01
-6.026990413665771484e-01
2.203511595726013184e-01
2.057347148656845093e-01
-6.070179343223571777e-01
-7.803605794906616211e-01
-1.674445718526840210e-01
3.675602376461029053e-01
5.171709656715393066e-01
-7.905941009521484375e-01
1.637791842222213745e-01
-3.161908090114593506e-01
-2.994076116010546684e-03
-3.359694182872772217e-01
-4.061140716075897217e-01
6.053819656372070312e-01
-4.112702906131744385e-01
4.793373942375183105e-01
-2.285771965980529785e-01
-1.069614216685295105e-01
-4.998339116573333740e-01
-5.046749114990234375e-01
-4.509586989879608154e-01
-3.579223155975341797e-01
