4.227862060070037842e-01
2.425649389624595642e-02
3.789783716201782227e-01
-1.033424496650695801e+00
3.227420151233673096e-01
4.173087179660797119e-01
1.572775840759277344e-01
-1.195900142192840576e-01
4.703443646430969238e-01
3.413331210613250732e-01
-3.050761520862579346e-01
4.920108914375305176e-01
-6.512607336044311523e-01
-5.296993851661682129e-01
5.787227749824523926e-01
8.445487022399902344e-01
4.764489084482192993e-02
-4.916647076606750488e-01
4.017339944839477539e-01
9.335815906524658203e-01
1.647417694330215454e-01
-1.459527909755706787e-01
4.651223421096801758e-01
-3.953337371349334717e-01
-4.073930978775024414e-01
-4.126325249671936035e-01
2.614452242851257324e-01
3.275445103645324707e-01
-4.228662848472595215e-01
-6.293405294418334961e-01
