-6.627548933029174805e-01
-2.405930161476135254e-01
6.898152828216552734e-01
-2.194471955299377441e-01
-5.413677692413330078e-01
2.657282352447509766e-01
5.149651169776916504e-01
8.938444405794143677e-02
-3.881081044673919678e-01
-3.768008947372436523e-01
1.456390172243118286e-01
1.217243671417236328e+00
3.550191223621368408e-01
-5.239706635475158691e-01
3.880687355995178223e-01
1.166629493236541748e-01
3.315557837486267090e-01
-6.796824932098388672e-01
1.762259900569915771e-01
1.122923865914344788e-01
6.211928129196166992e-01
3.805772662162780762e-01
4.666868150234222412e-01
-1.796299517154693604e-01
3.973265588283538818e-01
8.231629729270935059e-01
-1.136934980750083923e-01
3.943717479705810547e-01
-1.667248457670211792e-02
3.879763484001159668e-01
