6.078006625175476074e-01
-1.088921427726745605e-01
1.318323254585266113e+00
-1.002159863710403442e-01
9.908534884452819824e-01
2.885801494121551514e-01
1.417113304138183594e+00
-4.636399149894714355e-01
4.507041275501251221e-01
4.528304338455200195e-01
4.601354300975799561e-01
-8.686628937721252441e-01
-2.395768612623214722e-01
-2.337705641984939575e-01
-4.192142784595489502e-01
1.236574202775955200e-01
-7.087314128875732422e-01
5.988476872444152832e-01
1.037658691406250000e+00
6.162637472152709961e-01
2.617946565151214600e-01
3.845918774604797363e-01
-4.853208959102630615e-01
-9.688066840171813965e-01
-6.175768375396728516e-01
3.192788958549499512e-01
1.028224974870681763e-01
-4.994050860404968262e-01
3.120366334915161133e-01
1.449201107025146484e-01
