-3.227037191390991211e-01
4.930019676685333252e-01
3.111774325370788574e-01
5.293412208557128906e-01
-6.314019672572612762e-03
-3.984864950180053711e-01
1.992293149232864380e-01
4.820650815963745117e-01
2.817562520503997803e-01
4.332058727741241455e-01
2.291304618120193481e-01
-7.702124714851379395e-01
4.809296727180480957e-01
3.681616112589836121e-02
1.198800001293420792e-02
-7.285150885581970215e-01
7.968417555093765259e-02
2.546109855175018311e-01
-1.829730905592441559e-02
-9.262183308601379395e-01
2.253952920436859131e-01
2.634321451187133789e-01
-6.282849907875061035e-01
-8.749405145645141602e-01
6.321637630462646484e-01
-1.005054950714111328e+00
-9.656376838684082031e-01
-2.864444851875305176e-01
-4.507110118865966797e-01
-3.012753427028656006e-01
