-2.258107513189315796e-01
-5.236536264419555664e-01
-1.736106723546981812e-01
-1.188709512352943420e-01
3.340410888195037842e-01
-1.391239315271377563e-01
-4.737559854984283447e-01
9.196451306343078613e-02
-2.387593090534210205e-01
2.467289119958877563e-01
-5.110155045986175537e-02
-2.052442729473114014e-01
1.981478333473205566e-01
-3.819816708564758301e-01
-5.072539448738098145e-01
6.367970108985900879e-01
-4.006421267986297607e-01
-2.064561396837234497e-01
1.514291763305664062e-01
-2.019649296998977661e-01
4.126285910606384277e-01
-3.686850368976593018e-01
3.532754182815551758e-01
3.462875485420227051e-01
-1.677754074335098267e-01
-6.645120382308959961e-01
4.237353205680847168e-01
-4.609070718288421631e-02
3.060229420661926270e-01
8.647780120372772217e-02
