3.354559838771820068e-01
-5.625734925270080566e-01
-6.316180527210235596e-02
1.286650538444519043e+00
7.043204307556152344e-01
-1.093656346201896667e-01
-1.446513533592224121e-01
7.531234622001647949e-01
-4.456909596920013428e-01
-1.378940939903259277e+00
1.750704944133758545e-01
-5.277830362319946289e-01
-6.897147297859191895e-01
-3.788888156414031982e-01
-1.001112461090087891e+00
-1.300481557846069336e-01
4.778291285037994385e-01
-3.261573910713195801e-01
6.443933844566345215e-01
-4.181367158889770508e-01
3.841047585010528564e-01
-7.652570605278015137e-01
1.259861700236797333e-02
-4.153066277503967285e-01
4.369138479232788086e-01
-4.873649179935455322e-01
2.963508665561676025e-01
-7.022727131843566895e-01
5.560941696166992188e-01
8.515887260437011719e-01
