3.310623019933700562e-02
-1.334473043680191040e-01
-1.445783376693725586e-01
2.214350551366806030e-01
2.032404392957687378e-01
2.441967129707336426e-01
-3.060537576675415039e-01
-4.262577295303344727e-01
-4.211355745792388916e-02
5.902173519134521484e-01
-2.967711687088012695e-01
-3.072676714509725571e-03
-3.830012306571006775e-02
-1.615011394023895264e-01
3.283492624759674072e-01
-1.441230624914169312e-01
2.427169084548950195e-01
-3.580960929393768311e-01
2.706321775913238525e-01
-3.274758160114288330e-02
1.355364769697189331e-01
-9.803598374128341675e-02
-1.302667409181594849e-01
1.030820235610008240e-02
2.080545425415039062e-01
3.732263147830963135e-01
4.444118142127990723e-01
-4.393036291003227234e-02
2.973091900348663330e-01
2.722993791103363037e-01
