6.254403293132781982e-02
-5.930867195129394531e-01
9.606578946113586426e-02
-1.649297475814819336e-01
-3.623575717210769653e-02
3.587250411510467529e-01
-2.101710885763168335e-01
-5.220938101410865784e-02
-4.087158441543579102e-01
-6.453768014907836914e-01
4.064069688320159912e-01
-1.513861399143934250e-02
-6.316772699356079102e-01
5.098667740821838379e-01
-2.855076789855957031e-01
-6.118447780609130859e-01
5.305243134498596191e-01
-5.648714303970336914e-01
-7.357507348060607910e-01
-3.362231850624084473e-01
3.659255504608154297e-01
4.990481436252593994e-01
-4.609684348106384277e-01
2.148929387331008911e-01
2.895883917808532715e-01
4.999189823865890503e-02
5.965379476547241211e-01
1.011508628726005554e-01
1.642898917198181152e-01
2.398971915245056152e-01
