-3.571470379829406738e-01
-4.131807088851928711e-01
-3.078801631927490234e-01
6.098453998565673828e-01
4.134968817234039307e-01
-8.306604623794555664e-01
4.380797222256660461e-02
6.954048871994018555e-01
3.653211146593093872e-02
3.827705383300781250e-01
-3.362876772880554199e-01
-3.561976253986358643e-01
3.113323450088500977e-01
-8.337234705686569214e-02
-7.018942236900329590e-01
4.139682054519653320e-01
3.113130033016204834e-01
-5.678463578224182129e-01
-1.333315074443817139e-01
3.813401795923709869e-03
6.798354387283325195e-01
-5.052803754806518555e-01
-3.225080966949462891e-01
2.290464043617248535e-01
4.306109249591827393e-01
-2.263166606426239014e-01
5.746947228908538818e-02
-8.464968949556350708e-02
5.764293074607849121e-01
1.118160635232925415e-01
