-4.362205862998962402e-01
5.227214694023132324e-01
7.809146046638488770e-01
8.088530041277408600e-03
6.398473978042602539e-01
8.065685033798217773e-01
6.970516443252563477e-01
4.508413076400756836e-01
1.517285853624343872e-01
3.218463957309722900e-01
7.525336742401123047e-01
8.830710314214229584e-03
8.377696275711059570e-01
-3.971419930458068848e-01
6.320794820785522461e-01
5.026490688323974609e-01
8.142112493515014648e-01
7.077878713607788086e-01
2.196260392665863037e-01
-2.434823065996170044e-01
-5.689423680305480957e-01
-9.384719133377075195e-01
4.813432395458221436e-01
-2.027438580989837646e-01
5.625055432319641113e-01
7.454047203063964844e-01
6.284467577934265137e-01
5.186276435852050781e-01
7.593029737472534180e-01
-9.031862020492553711e-02
