7.554013133049011230e-01
-2.146187573671340942e-01
1.009202077984809875e-01
-5.440052151679992676e-01
5.364190936088562012e-01
-7.904198765754699707e-02
-1.879332363605499268e-01
-6.096719577908515930e-02
4.245692789554595947e-01
-1.870751567184925079e-02
2.033044397830963135e-01
-7.710302621126174927e-02
-5.226976871490478516e-01
-9.265360236167907715e-02
4.400611221790313721e-01
9.062079787254333496e-01
1.761581376194953918e-02
-1.100845709443092346e-01
7.937360405921936035e-01
-3.402370214462280273e-01
3.529165983200073242e-01
-5.957148075103759766e-01
-6.610910892486572266e-01
4.938508868217468262e-01
1.709185242652893066e-01
-2.094234526157379150e-01
2.693018615245819092e-01
-1.823814064264297485e-01
-3.078143596649169922e-01
7.011657953262329102e-01
