3.392928838729858398e-01
2.120051346719264984e-02
-2.093760482966899872e-02
-1.638822704553604126e-01
1.291803922504186630e-02
-3.160664737224578857e-01
-6.244426369667053223e-01
-1.209053874015808105e+00
-6.653369963169097900e-02
-2.146756201982498169e-01
4.277623072266578674e-02
-3.996646031737327576e-02
7.494183182716369629e-01
-1.026841521263122559e+00
6.624036431312561035e-01
3.330884575843811035e-01
1.160883530974388123e-02
3.502655029296875000e-01
4.616492614150047302e-02
-8.496993780136108398e-01
1.073474764823913574e+00
9.081815481185913086e-01
-3.560098707675933838e-01
3.517532348632812500e-01
7.538141012191772461e-01
5.860484838485717773e-01
-1.954783648252487183e-01
-4.080021679401397705e-01
-2.709382772445678711e-01
5.221385955810546875e-01
