3.110572695732116699e-01
-2.621735632419586182e-01
4.566346108913421631e-01
-4.147937297821044922e-01
3.585502207279205322e-01
-1.934774219989776611e-01
-2.129042744636535645e-01
5.081873536109924316e-01
-2.149283736944198608e-01
-1.579557061195373535e-01
-1.298267990350723267e-01
6.618922352790832520e-01
-2.524862587451934814e-01
-5.129578113555908203e-01
2.075588554143905640e-01
-1.851847767829895020e-01
-2.239086329936981201e-01
2.075077891349792480e-01
3.046051859855651855e-01
2.443305402994155884e-01
1.260679364204406738e-01
-9.774105995893478394e-02
-1.694547683000564575e-01
3.806644380092620850e-01
2.154846489429473877e-02
-3.343609869480133057e-01
2.191226631402969360e-01
-1.256624758243560791e-01
-9.552277624607086182e-02
-1.036325097084045410e-02
