5.201563835144042969e-01
5.424820780754089355e-01
2.140519320964813232e-01
-2.806704640388488770e-01
1.683310568332672119e-01
-3.422290384769439697e-01
-3.511745333671569824e-01
-3.590176701545715332e-01
3.022491335868835449e-01
8.317157626152038574e-02
5.200887918472290039e-01
6.227888539433479309e-02
4.722708463668823242e-01
3.318966925144195557e-01
4.856645595282316208e-03
-3.837408721446990967e-01
-1.302205920219421387e-01
5.525622889399528503e-02
4.898404777050018311e-01
-2.136400640010833740e-01
-2.216371744871139526e-01
-3.928001821041107178e-01
3.732970952987670898e-01
6.916542053222656250e-01
-5.158761143684387207e-01
3.381858468055725098e-01
-3.407059004530310631e-03
-4.375247657299041748e-01
-1.926317662000656128e-01
-3.008968830108642578e-01
