1.041652083396911621e+00
-5.088871121406555176e-01
-1.306926906108856201e-01
-1.232323884963989258e+00
9.076366573572158813e-02
2.021399885416030884e-01
-3.900225162506103516e-01
1.632723361253738403e-01
-7.847558706998825073e-02
1.348532438278198242e-01
2.998875677585601807e-01
-3.058857619762420654e-01
1.294680535793304443e-01
3.065629899501800537e-01
-8.330620825290679932e-02
5.492138862609863281e-01
4.044977128505706787e-01
1.251934915781021118e-01
-3.966174423694610596e-01
-3.881326913833618164e-01
3.591750562191009521e-02
-3.582250177860260010e-01
-6.043099761009216309e-01
5.055944919586181641e-01
-7.654653489589691162e-02
7.065182179212570190e-02
8.852304518222808838e-02
9.018357992172241211e-01
1.498981267213821411e-01
1.312605887651443481e-01
