2.037779986858367920e-01
4.975348412990570068e-01
3.484115600585937500e-01
-3.357521891593933105e-01
4.345968961715698242e-01
6.021894216537475586e-01
-6.463385820388793945e-01
8.032399229705333710e-03
-7.280474901199340820e-02
5.369709730148315430e-01
-1.145646348595619202e-01
1.129459664225578308e-01
-5.771592855453491211e-01
-3.347092866897583008e-01
-5.603715777397155762e-01
2.234636098146438599e-01
-8.093547224998474121e-01
-2.698459923267364502e-01
3.583789765834808350e-01
-3.566375970840454102e-01
2.176961451768875122e-01
-6.943340413272380829e-03
2.638730704784393311e-01
-6.175125837326049805e-01
2.390210777521133423e-01
2.764635980129241943e-01
2.721483409404754639e-01
4.450492858886718750e-01
3.593284487724304199e-01
4.771334528923034668e-01
