7.681402564048767090e-01
-9.095340967178344727e-01
-3.532466888427734375e-01
-5.762145519256591797e-01
8.981500864028930664e-01
4.385805130004882812e-01
1.989108324050903320e-01
-1.715488880872726440e-01
-4.499835968017578125e-01
-6.922405362129211426e-01
-9.310164451599121094e-01
-3.284315466880798340e-01
-1.085126399993896484e+00
-8.741492629051208496e-01
1.854751259088516235e-01
-1.229807615280151367e+00
6.720209717750549316e-01
-6.754730343818664551e-01
3.364474177360534668e-01
-8.636743426322937012e-01
-2.274855375289916992e-01
-5.752472877502441406e-01
9.563421607017517090e-01
1.158006191253662109e+00
7.250854372978210449e-01
-9.877468943595886230e-01
-5.658373832702636719e-01
-9.182214140892028809e-01
6.797329187393188477e-01
8.949550390243530273e-01
