2.154677510261535645e-01
-5.201078653335571289e-01
-2.744267508387565613e-02
2.520939111709594727e-01
3.629766404628753662e-01
-1.785005778074264526e-01
-2.928627729415893555e-01
-1.971636414527893066e-01
-6.717748045921325684e-01
2.052196115255355835e-01
1.385095417499542236e-01
-1.085001677274703979e-01
9.012931585311889648e-02
-7.180784344673156738e-01
8.385929465293884277e-02
3.945064544677734375e-01
1.623250246047973633e-01
-3.503702580928802490e-01
-2.613422274589538574e-01
-3.939289152622222900e-01
-1.960813105106353760e-01
-6.620691418647766113e-01
5.564554035663604736e-02
-1.739002466201782227e-01
-5.069690346717834473e-01
3.756129443645477295e-01
1.251938007771968842e-02
-5.646792054176330566e-01
1.914415322244167328e-02
3.277306258678436279e-01
