3.875736296176910400e-01
-5.754547119140625000e-01
-4.509705007076263428e-01
-5.587418377399444580e-02
-3.910060822963714600e-01
4.168157577514648438e-01
-2.743010222911834717e-01
4.421246647834777832e-01
1.993634402751922607e-01
-2.667564153671264648e-01
4.010014235973358154e-02
-6.957158446311950684e-01
-5.870437994599342346e-02
-5.026358962059020996e-01
4.749618470668792725e-01
-2.628889977931976318e-01
-4.109389185905456543e-01
7.029967308044433594e-01
-7.515003085136413574e-01
-4.915302395820617676e-01
4.856674671173095703e-01
-5.725017786026000977e-01
-1.989489197731018066e-01
-1.574178636074066162e-01
-4.363698884844779968e-02
-4.101895093917846680e-01
-2.431185916066169739e-02
-3.289266526699066162e-01
8.287156820297241211e-01
6.489787101745605469e-01
