-6.205421686172485352e-01
-3.893677890300750732e-01
1.180013537406921387e+00
5.312310457229614258e-01
-8.614973723888397217e-02
5.686299800872802734e-01
6.452599167823791504e-01
1.037696480751037598e+00
5.751815438270568848e-01
6.218442227691411972e-03
-3.510592281818389893e-01
-5.277516245841979980e-01
1.072927117347717285e+00
-8.149920105934143066e-01
-7.140882015228271484e-01
-4.110598862171173096e-01
1.509656757116317749e-01
5.052404403686523438e-01
-1.021362185478210449e+00
6.101895570755004883e-01
-8.641304969787597656e-01
3.257795274257659912e-01
3.011678457260131836e-01
-9.183921217918395996e-01
-3.473636209964752197e-01
1.114208579063415527e+00
-4.400564134120941162e-01
2.151589244604110718e-01
-1.096049100160598755e-01
5.125963091850280762e-01
