-3.438143432140350342e-01
8.259449601173400879e-01
8.242888450622558594e-01
-1.671327203512191772e-01
8.939272165298461914e-02
-3.412724435329437256e-01
6.865110248327255249e-02
-6.545267701148986816e-01
-4.348459541797637939e-01
1.581151634454727173e-01
-4.871109873056411743e-02
-7.409226298332214355e-01
-4.403896331787109375e-01
-1.553852297365665436e-02
7.521185092628002167e-03
-2.477719932794570923e-01
8.096454739570617676e-01
1.018504977226257324e+00
5.792899131774902344e-01
4.500199258327484131e-01
-1.493329852819442749e-01
-3.207565471529960632e-02
3.572046756744384766e-01
3.350962102413177490e-01
2.102072089910507202e-01
5.230379104614257812e-01
-1.908832490444183350e-01
8.077312260866165161e-02
-5.544711351394653320e-01
-3.840242326259613037e-01
