6.655111908912658691e-01
8.160214424133300781e-01
1.753342449665069580e-01
7.470657229423522949e-01
5.682832002639770508e-01
-9.070520997047424316e-01
3.671229183673858643e-01
9.842116832733154297e-01
9.493490308523178101e-02
8.051575422286987305e-01
-2.511923015117645264e-02
-9.019947052001953125e-01
1.012588024139404297e+00
2.661033868789672852e-01
4.944339692592620850e-01
1.343783140182495117e-01
-5.953396558761596680e-01
5.158451795578002930e-01
5.335624217987060547e-01
-5.187355279922485352e-01
-1.511147171258926392e-01
-4.683528840541839600e-01
-9.637421369552612305e-01
-5.961130261421203613e-01
-3.076280653476715088e-01
-2.492738366127014160e-01
-2.652651667594909668e-01
-1.272819191217422485e-01
-1.789612919092178345e-01
4.541413784027099609e-01
