-1.310584694147109985e-01
-2.178647741675376892e-02
-1.159179210662841797e-01
-6.210103034973144531e-01
2.681639194488525391e-01
-4.444872736930847168e-01
-3.904293477535247803e-02
4.402624070644378662e-01
-1.088804379105567932e-02
-5.164361372590065002e-02
2.831253707408905029e-01
6.863797903060913086e-01
-6.838536262512207031e-02
-8.439227938652038574e-01
3.331523537635803223e-01
-1.614225804805755615e-01
-6.966465115547180176e-01
1.470701396465301514e-01
4.525255262851715088e-01
-5.512420535087585449e-01
-3.319354355335235596e-01
2.141267210245132446e-01
-9.455636888742446899e-02
-1.524078398942947388e-01
-4.328388273715972900e-01
-1.491082906723022461e-01
3.092101812362670898e-01
-2.325165122747421265e-01
6.104858219623565674e-02
-6.288037896156311035e-01
