6.857406497001647949e-01
1.401763036847114563e-02
-5.748313665390014648e-01
9.027596563100814819e-02
-5.407727956771850586e-01
1.431359648704528809e-01
-1.468237936496734619e-01
-6.112182140350341797e-01
3.786390423774719238e-01
4.472040832042694092e-01
3.506608605384826660e-01
7.875975966453552246e-01
4.478672742843627930e-01
-5.542189478874206543e-01
-3.533605635166168213e-01
2.176377177238464355e-01
6.341468095779418945e-01
-2.294155061244964600e-01
3.272101879119873047e-01
4.090293049812316895e-01
2.545156180858612061e-01
7.073962688446044922e-01
-6.785586476325988770e-02
6.027447059750556946e-02
6.354634463787078857e-02
-3.513947427272796631e-01
5.395139381289482117e-02
6.123412251472473145e-01
-7.392542064189910889e-02
8.516352772712707520e-01
