1.901907175779342651e-01
4.807967692613601685e-02
5.345557332038879395e-01
4.790920913219451904e-01
1.282476931810379028e-01
2.363387495279312134e-02
1.371711343526840210e-01
-5.932763218879699707e-01
-2.612604200839996338e-01
3.330826163291931152e-01
-5.837605521082878113e-02
4.894584715366363525e-01
4.922216534614562988e-01
-4.227706193923950195e-01
-7.849337160587310791e-02
4.805680215358734131e-01
5.292586684226989746e-01
-5.094839334487915039e-01
1.201207935810089111e-01
-4.987148344516754150e-01
2.686036229133605957e-01
-8.908035159111022949e-01
2.093496918678283691e-01
-8.465269207954406738e-02
-3.187547028064727783e-01
-3.831348121166229248e-01
4.317815899848937988e-01
1.577950865030288696e-01
1.283916682004928589e-01
-4.746634662151336670e-01
