-5.997074246406555176e-01
-1.005407094955444336e+00
-7.541558742523193359e-01
6.457943916320800781e-01
3.605413436889648438e-01
-8.716490268707275391e-01
-4.848239421844482422e-01
1.047598838806152344e+00
6.648455262184143066e-01
-4.384869635105133057e-01
-3.772161006927490234e-01
5.136942863464355469e-01
5.886552333831787109e-01
4.611371755599975586e-01
3.704903125762939453e-01
8.739627599716186523e-01
6.149833202362060547e-01
5.146046727895736694e-02
5.818247795104980469e-01
2.530930936336517334e-01
-3.265126347541809082e-01
7.879067063331604004e-01
8.225942850112915039e-01
-3.844621777534484863e-02
-6.816818714141845703e-01
8.974294066429138184e-01
4.603584706783294678e-01
5.414509773254394531e-01
2.199964039027690887e-02
-2.558625042438507080e-01
