4.943389818072319031e-02
4.961125552654266357e-01
8.166748285293579102e-02
3.758516609668731689e-01
6.229969263076782227e-01
-3.860705494880676270e-01
3.753073513507843018e-01
6.407365202903747559e-01
3.248012959957122803e-01
2.549073472619056702e-02
1.810136437416076660e-02
-8.185027241706848145e-01
-2.302638441324234009e-01
-4.289141893386840820e-01
-2.812939137220382690e-02
5.187193155288696289e-01
6.147891283035278320e-01
6.356747746467590332e-01
4.052556157112121582e-01
-4.563602507114410400e-01
-3.855331540107727051e-01
4.710866212844848633e-01
-4.165070056915283203e-01
5.465955138206481934e-01
3.938330411911010742e-01
2.846804857254028320e-01
5.775594115257263184e-01
-3.239026963710784912e-01
7.304298281669616699e-01
4.198536276817321777e-01
