-1.021445989608764648e+00
1.979680657386779785e-01
-1.770222485065460205e-01
-1.035745501518249512e+00
5.596061944961547852e-01
4.085015952587127686e-01
8.593286573886871338e-02
6.096699237823486328e-01
2.560023367404937744e-01
3.301385641098022461e-01
-3.763829469680786133e-01
5.673000216484069824e-01
-3.429542779922485352e-01
1.773134618997573853e-01
4.749607443809509277e-01
1.432295590639114380e-01
-6.538150310516357422e-01
8.428382277488708496e-01
-3.399803042411804199e-01
-1.196507439017295837e-01
2.780449092388153076e-01
1.233767196536064148e-01
9.378002285957336426e-01
3.440817296504974365e-01
-4.499294757843017578e-01
-2.293316125869750977e-01
-3.856034874916076660e-01
8.523347377777099609e-01
-1.791999638080596924e-01
-1.529842764139175415e-01
