-4.754901826381683350e-01
6.036584973335266113e-01
2.596993148326873779e-01
6.060572266578674316e-01
6.874892860651016235e-02
-3.775407373905181885e-01
4.008081555366516113e-01
-6.256939768791198730e-01
5.784229636192321777e-01
3.019910156726837158e-01
2.940621078014373779e-01
5.607969760894775391e-01
6.705728769302368164e-01
-5.738822817802429199e-01
2.390279024839401245e-01
2.520547211170196533e-01
5.508161783218383789e-01
-3.225459158420562744e-01
-1.788114011287689209e-01
2.547147274017333984e-01
1.274475455284118652e-01
8.275091052055358887e-01
-2.132059037685394287e-01
-4.261733591556549072e-01
-2.010884732007980347e-01
-1.805544793605804443e-01
4.395578801631927490e-01
-4.647018909454345703e-01
-1.358273625373840332e-01
6.266335844993591309e-01
