7.386731356382369995e-02
1.360570192337036133e-01
3.125137984752655029e-01
-3.642761707305908203e-02
-1.366726607084274292e-01
-3.827348947525024414e-01
-4.517342746257781982e-01
-8.226220309734344482e-02
-3.332909196615219116e-02
-1.417900025844573975e-01
-2.829881012439727783e-01
-1.460952162742614746e-01
1.243921369314193726e-01
-7.686241716146469116e-02
4.071958661079406738e-01
-7.751057855784893036e-03
2.856619358062744141e-01
-2.062413655221462250e-02
2.091597020626068115e-01
7.577656302601099014e-03
3.511523008346557617e-01
-2.661110460758209229e-02
5.657465755939483643e-02
2.299506813287734985e-01
-1.525676399469375610e-01
1.215580776333808899e-01
-1.340843886137008667e-01
-2.319783531129360199e-02
-3.760677278041839600e-01
2.991246879100799561e-01
