-2.909791469573974609e-01
2.325671166181564331e-01
2.302334904670715332e-01
4.583108127117156982e-01
-5.466641783714294434e-01
-2.845311164855957031e-01
2.162463366985321045e-01
5.348518490791320801e-01
3.859657943248748779e-01
5.345867276191711426e-01
-3.856483399868011475e-01
3.306476473808288574e-01
-3.806444108486175537e-01
-3.871533274650573730e-02
-4.861651659011840820e-01
-2.093294560909271240e-01
4.209063351154327393e-01
-9.446023702621459961e-01
-4.685323834419250488e-01
3.744613528251647949e-01
-2.506139278411865234e-01
7.158284783363342285e-01
-1.413979083299636841e-01
2.688354551792144775e-01
3.220239579677581787e-01
-7.210788726806640625e-01
-2.745811939239501953e-01
4.809276461601257324e-01
5.250080227851867676e-01
1.800784468650817871e-01
