-1.384702324867248535e-01
1.272850930690765381e-01
3.390499055385589600e-01
4.185880422592163086e-01
-5.462830513715744019e-02
4.000248610973358154e-01
-1.506686657667160034e-01
-3.490583002567291260e-01
-4.578408896923065186e-01
-3.576880395412445068e-01
-1.004568487405776978e-01
-1.732481569051742554e-01
-2.074771523475646973e-01
-1.503408849239349365e-01
-3.784500956535339355e-01
-5.554157122969627380e-02
3.136896789073944092e-01
-1.627749204635620117e-01
1.742585599422454834e-01
2.860488593578338623e-01
-4.114726781845092773e-01
-1.168145835399627686e-01
-1.020891666412353516e-01
-2.197089046239852905e-01
-2.673735320568084717e-01
1.709101796150207520e-01
-4.489689171314239502e-01
-1.593627780675888062e-01
-3.732519149780273438e-01
-3.116476535797119141e-01
