6.406710147857666016e-01
7.430303692817687988e-01
1.983490437269210815e-01
-9.015415906906127930e-01
-3.997738957405090332e-01
5.383456945419311523e-01
-7.046710252761840820e-01
-5.241895914077758789e-01
-2.614850103855133057e-01
-1.430748403072357178e-01
-1.954701095819473267e-01
2.335456460714340210e-01
-4.128066301345825195e-01
3.893997967243194580e-01
-2.607306241989135742e-01
2.301573157310485840e-01
-5.235174298286437988e-01
7.249166965484619141e-01
4.428404569625854492e-01
7.485912442207336426e-01
-6.002882122993469238e-01
1.414284557104110718e-01
2.331359833478927612e-01
2.819350957870483398e-01
-2.965972125530242920e-01
-5.016475915908813477e-01
-7.091814279556274414e-02
1.513645052909851074e-01
-3.113831281661987305e-01
8.241500854492187500e-01
