-1.918047964572906494e-01
-2.427705004811286926e-02
3.581297397613525391e-01
4.729861393570899963e-02
-6.996460258960723877e-02
4.966791272163391113e-01
7.211649417877197266e-01
-3.286597728729248047e-01
3.325531482696533203e-01
4.091954529285430908e-01
2.726925015449523926e-01
-3.180144429206848145e-01
3.453037142753601074e-01
8.515447378158569336e-01
-2.989722788333892822e-02
6.463154554367065430e-01
-2.840484976768493652e-01
1.603384166955947876e-01
-1.194973737001419067e-01
-3.952670469880104065e-02
2.982562780380249023e-01
5.042508244514465332e-03
7.369882613420486450e-02
-4.085125401616096497e-02
3.320216238498687744e-01
-4.544297158718109131e-01
-3.579334169626235962e-02
1.712669134140014648e-01
-2.344590127468109131e-01
3.396749794483184814e-01
