-2.626199722290039062e-01
-7.965630888938903809e-01
1.112927682697772980e-02
-9.022012352943420410e-02
4.746375977993011475e-01
2.425799518823623657e-01
2.036224603652954102e-01
5.785802602767944336e-01
-2.231091260910034180e-01
5.052842497825622559e-01
1.126836180686950684e+00
2.494301050901412964e-01
1.788101047277450562e-01
7.421207427978515625e-01
-5.184236541390419006e-02
1.145025994628667831e-02
4.951278865337371826e-02
-1.088356599211692810e-01
-1.838704496622085571e-01
1.196165662258863449e-02
3.749077320098876953e-01
3.673320710659027100e-01
7.562198042869567871e-01
-3.072960972785949707e-01
4.707587361335754395e-01
3.945479691028594971e-01
-5.122426748275756836e-01
-1.042827844619750977e+00
-9.967807680368423462e-02
2.241572141647338867e-01
