-5.023790001869201660e-01
-6.412383913993835449e-02
5.440310388803482056e-02
5.742401257157325745e-02
1.526277661323547363e-01
-6.285939812660217285e-01
3.938984274864196777e-01
-5.257633328437805176e-01
8.619592189788818359e-01
6.001800894737243652e-01
4.280143678188323975e-01
1.255551815032958984e+00
-8.647930622100830078e-01
7.678295969963073730e-01
-3.461032211780548096e-01
-2.813652157783508301e-01
-3.187963366508483887e-01
-2.480367869138717651e-01
2.160000801086425781e-01
3.448495566844940186e-01
4.692804813385009766e-01
-3.013113141059875488e-01
-2.545968890190124512e-01
4.997701644897460938e-01
2.793481349945068359e-01
3.419004678726196289e-01
-2.339308857917785645e-01
-5.250452756881713867e-01
-5.529301762580871582e-01
-1.100235357880592346e-01
