5.380016937851905823e-02
3.486616015434265137e-01
1.428374797105789185e-01
-3.864358961582183838e-01
-5.753715038299560547e-01
-2.640493512153625488e-01
-1.036976650357246399e-01
-2.721119821071624756e-01
4.098266661167144775e-01
2.014397382736206055e-01
-3.659930825233459473e-01
8.201657794415950775e-03
-3.743150830268859863e-01
3.004859089851379395e-01
4.214178919792175293e-01
9.597611427307128906e-01
-7.212115526199340820e-01
-2.202346026897430420e-01
1.837712526321411133e-01
6.107561662793159485e-02
-5.899156332015991211e-01
-3.421285152435302734e-01
-7.352234721183776855e-01
-2.717033624649047852e-01
7.143581509590148926e-01
-4.160250425338745117e-01
-2.213868647813796997e-01
2.262460887432098389e-01
-4.486225545406341553e-01
-3.761943578720092773e-01
