-8.505654335021972656e-01
-5.459583997726440430e-01
3.316003680229187012e-01
-7.543189525604248047e-01
8.527316451072692871e-01
7.528748512268066406e-01
-6.217780113220214844e-01
7.012255191802978516e-01
3.491972088813781738e-01
1.683819890022277832e-01
-7.813221216201782227e-01
4.551664590835571289e-01
3.482442796230316162e-01
-3.543920218944549561e-01
-7.070104479789733887e-01
-3.807253539562225342e-01
3.836377859115600586e-01
-2.893534898757934570e-01
-2.061286121606826782e-01
7.432796359062194824e-01
4.384852945804595947e-01
-5.043067336082458496e-01
7.173762321472167969e-01
2.787059545516967773e-01
8.795259147882461548e-02
5.984057784080505371e-01
-8.083199858665466309e-01
-2.303931415081024170e-01
4.132268428802490234e-01
6.937336921691894531e-01
