-5.610898733139038086e-01
-8.052549958229064941e-01
-1.863832622766494751e-01
3.137114644050598145e-01
3.815766572952270508e-01
-3.437030911445617676e-01
2.448575198650360107e-01
1.916425526142120361e-01
-9.645309448242187500e-01
-4.385085403919219971e-01
5.957218408584594727e-01
5.606566071510314941e-01
4.889775812625885010e-01
5.709174871444702148e-01
-6.007283926010131836e-01
-3.471890687942504883e-01
7.339918017387390137e-01
3.498955965042114258e-01
3.232553601264953613e-01
-6.779752969741821289e-01
-2.352745682001113892e-01
-1.033883318305015564e-01
-3.688029944896697998e-01
3.005306124687194824e-01
-6.304873824119567871e-01
-8.569114208221435547e-01
6.383180022239685059e-01
-7.652310132980346680e-01
6.998838782310485840e-01
-3.247444927692413330e-01
