-1.037700772285461426e-01
-3.952753841876983643e-01
-7.839615345001220703e-01
5.175672769546508789e-01
-1.152531877160072327e-01
-3.718256652355194092e-01
2.922725677490234375e-01
-9.960041195154190063e-02
1.024610623717308044e-01
-6.318155527114868164e-01
-1.454546581953763962e-02
5.689882040023803711e-01
5.682641267776489258e-01
1.523103713989257812e-01
4.470383524894714355e-01
3.456067740917205811e-01
-2.823371589183807373e-01
4.795342385768890381e-01
4.684945046901702881e-01
-2.318684160709381104e-01
-2.457918599247932434e-02
-2.931716442108154297e-01
1.146640181541442871e-01
6.126575469970703125e-01
-3.902126252651214600e-01
5.197039246559143066e-01
2.696017026901245117e-01
-4.147852659225463867e-01
-3.207451999187469482e-01
-3.539963960647583008e-01
