-2.048931270837783813e-01
3.320726156234741211e-01
-1.169890239834785461e-01
1.411331444978713989e-01
-2.137556821107864380e-01
-2.550911158323287964e-02
-1.290305852890014648e-01
1.028509438037872314e-01
-2.549448907375335693e-01
-2.774425446987152100e-01
2.645950913429260254e-01
3.756968677043914795e-01
-5.949260958004742861e-05
-5.503527820110321045e-02
2.099018841981887817e-01
6.322346329689025879e-01
1.162905693054199219e-01
3.282932043075561523e-01
7.747706770896911621e-02
2.120064795017242432e-01
1.484140604734420776e-01
4.757332801818847656e-02
-3.414100408554077148e-01
4.194284379482269287e-01
3.291789293289184570e-01
4.080055952072143555e-01
5.603726021945476532e-03
-2.065640091896057129e-01
-2.277910411357879639e-01
2.823204696178436279e-01
