7.961063086986541748e-02
-5.942893624305725098e-01
1.379150599241256714e-01
-5.099384784698486328e-01
3.768133819103240967e-01
4.777119159698486328e-01
-6.257301568984985352e-01
-1.363906264305114746e-01
-6.034565567970275879e-01
6.526383161544799805e-01
-9.587652981281280518e-02
8.875772953033447266e-01
5.825545787811279297e-01
-2.088951133191585541e-02
6.387388110160827637e-01
-5.749509334564208984e-01
8.795130997896194458e-02
-1.605411022901535034e-01
-1.126622438430786133e+00
5.965343117713928223e-01
-2.320923358201980591e-01
-4.073558151721954346e-01
7.041740417480468750e-01
-8.679183721542358398e-01
4.526730775833129883e-01
-8.110012114048004150e-02
4.174302220344543457e-01
-3.104270100593566895e-01
-3.583751618862152100e-01
-1.887487888336181641e+00
