-1.946706026792526245e-01
2.830220460891723633e-01
5.310625433921813965e-01
-1.700372099876403809e-01
4.412859082221984863e-01
2.729233205318450928e-01
6.461855769157409668e-02
3.478226363658905029e-01
-1.309183239936828613e-01
4.788925051689147949e-01
3.225664198398590088e-01
3.960736393928527832e-01
-2.725983858108520508e-01
-2.865044176578521729e-01
2.531914412975311279e-01
-3.222623765468597412e-01
-1.867048591375350952e-01
-5.201196670532226562e-01
-4.215417504310607910e-01
4.198616445064544678e-01
-4.079259634017944336e-01
-5.751621723175048828e-01
9.500309079885482788e-02
-6.431868076324462891e-01
1.747810393571853638e-01
3.453392684459686279e-01
3.462458774447441101e-02
-4.205367267131805420e-01
-3.470206856727600098e-01
3.428556323051452637e-01
