1.974978893995285034e-01
-8.643389940261840820e-01
-7.935629487037658691e-01
-2.839846909046173096e-01
6.190457344055175781e-01
-1.000288009643554688e+00
-4.102013632655143738e-02
-2.056145519018173218e-01
-1.482996791601181030e-01
6.967181563377380371e-01
1.168451011180877686e-01
1.995635926723480225e-01
3.729242980480194092e-01
-6.971863657236099243e-02
6.476269364356994629e-01
1.190105639398097992e-02
-4.210938215255737305e-01
-9.890589863061904907e-02
-7.687410116195678711e-01
7.292254567146301270e-01
5.650338158011436462e-02
-6.752606034278869629e-01
3.925459384918212891e-01
2.376355230808258057e-01
-1.362001746892929077e-01
-8.015283346176147461e-01
-4.274022299796342850e-03
3.157756328582763672e-01
-2.052378505468368530e-01
4.153365194797515869e-01
