1.519793570041656494e-01
1.876545548439025879e-01
7.280496954917907715e-01
-8.135978579521179199e-01
1.737765520811080933e-01
6.135206818580627441e-01
3.288201391696929932e-01
6.300426274538040161e-02
3.179295063018798828e-01
-3.976207375526428223e-01
1.473841816186904907e-01
-6.247251033782958984e-01
-5.691760778427124023e-01
-3.329268991947174072e-01
-1.118479967117309570e+00
-8.365063667297363281e-01
-3.190578222274780273e-01
-2.225558608770370483e-01
4.567252993583679199e-01
1.404908001422882080e-01
-8.710795044898986816e-01
-6.370938420295715332e-01
-2.481257468461990356e-01
6.996042132377624512e-01
8.401344418525695801e-01
-2.887747287750244141e-01
-6.007326245307922363e-01
6.071397662162780762e-02
-1.020591706037521362e-01
-8.624031543731689453e-01
