-3.799436688423156738e-01
4.430617094039916992e-01
-5.941118597984313965e-01
-6.874325275421142578e-01
-5.190925002098083496e-01
-5.368140339851379395e-01
-6.370924115180969238e-01
2.498040348291397095e-01
-1.591292619705200195e-01
6.663680076599121094e-01
-6.210648417472839355e-01
-3.373032808303833008e-01
4.371892511844635010e-01
-7.095052599906921387e-01
1.021910548210144043e+00
4.499679803848266602e-01
6.773049831390380859e-01
5.461655259132385254e-01
-2.807546555995941162e-01
-9.518615603446960449e-01
-1.648631691932678223e-01
-6.418055891990661621e-01
1.361532658338546753e-01
6.126409173011779785e-01
2.763389945030212402e-01
-4.966908991336822510e-01
6.113737225532531738e-01
3.583555519580841064e-01
6.857852339744567871e-01
3.362479507923126221e-01
