-2.326453775167465210e-01
5.803434252738952637e-01
-7.935483753681182861e-02
-5.318265557289123535e-01
-8.560935854911804199e-01
1.677482575178146362e-01
-3.196769654750823975e-01
1.153663173317909241e-01
7.129502296447753906e-01
-7.900015115737915039e-01
-2.863764464855194092e-01
-2.841273546218872070e-01
-1.069624423980712891e+00
-6.702284216880798340e-01
-2.475241720676422119e-01
-5.738928318023681641e-01
-1.082121372222900391e+00
-6.749451160430908203e-01
-6.303812265396118164e-01
-3.658206164836883545e-01
1.944169849157333374e-01
6.407866477966308594e-01
2.574439048767089844e-01
2.325075715780258179e-01
7.054674625396728516e-01
1.241012569516897202e-02
-7.962085604667663574e-01
-4.557056725025177002e-01
-1.340769827365875244e-01
6.760638356208801270e-01
