-2.932181060314178467e-01
-4.354371130466461182e-01
-5.033131241798400879e-01
3.459006845951080322e-01
3.291604518890380859e-01
3.880273401737213135e-01
-2.154941484332084656e-02
3.569565117359161377e-01
2.269450575113296509e-01
-3.303526043891906738e-01
-2.734696269035339355e-01
4.443911314010620117e-01
-3.237888216972351074e-01
6.338040828704833984e-01
-1.785789877176284790e-01
-1.227852329611778259e-01
6.430580615997314453e-01
-5.040698647499084473e-01
-2.274571657180786133e-01
4.825044274330139160e-01
-4.180125892162322998e-01
1.979047656059265137e-01
-5.786806344985961914e-01
-1.720156986266374588e-03
-3.097365498542785645e-01
2.256659120321273804e-01
-6.583824008703231812e-02
3.431746661663055420e-01
6.329696178436279297e-01
-2.330136746168136597e-01
