-8.483513593673706055e-01
-5.936485528945922852e-01
6.520497202873229980e-01
2.142011508112773299e-04
-5.418286323547363281e-01
1.583466380834579468e-01
-4.921027719974517822e-01
2.109648138284683228e-01
9.644203782081604004e-01
6.281240582466125488e-01
-2.775374054908752441e-01
9.074313640594482422e-01
-5.124858617782592773e-01
5.764086842536926270e-01
7.312755584716796875e-01
-3.077454566955566406e-01
-1.150475591421127319e-01
-6.168269515037536621e-01
1.621818095445632935e-01
4.843337088823318481e-02
-6.165701150894165039e-01
1.147705595940351486e-02
9.593979120254516602e-01
4.631905853748321533e-01
-6.806032657623291016e-01
-8.253144472837448120e-02
3.303868472576141357e-01
-3.291083574295043945e-01
-3.612375259399414062e-01
-7.398610711097717285e-01
