2.456800341606140137e-01
6.575870513916015625e-02
-1.030889153480529785e-01
-1.894007325172424316e-01
4.845061004161834717e-01
2.269055694341659546e-01
2.568770349025726318e-01
-1.875247061252593994e-01
-5.783395171165466309e-01
-1.080473884940147400e-01
8.379068225622177124e-02
-7.897149771451950073e-02
4.353614747524261475e-01
2.312713563442230225e-01
2.652192115783691406e-01
-1.000683680176734924e-01
3.093392252922058105e-01
3.945192098617553711e-01
5.813472867012023926e-01
-2.568893134593963623e-01
2.322897911071777344e-01
1.246549859642982483e-01
2.038183659315109253e-01
-1.315585374832153320e-01
-4.175191819667816162e-01
5.776705145835876465e-01
-5.807205438613891602e-01
5.035844445228576660e-01
8.256354928016662598e-02
1.374089866876602173e-01
