-7.802726328372955322e-02
6.077124923467636108e-02
2.412811815738677979e-01
2.588812112808227539e-01
-4.158209860324859619e-01
2.617751657962799072e-01
-3.920069932937622070e-01
3.091511428356170654e-01
3.145495057106018066e-01
-3.541715741157531738e-01
-3.358145654201507568e-01
-3.741877079010009766e-01
1.350932866334915161e-01
5.356120467185974121e-01
-3.334007561206817627e-01
-3.824079632759094238e-01
-1.406703293323516846e-01
2.487889826297760010e-01
-3.826807737350463867e-01
-2.027676440775394440e-03
-2.934987246990203857e-01
-5.486854910850524902e-02
-2.022451460361480713e-01
-3.235509097576141357e-01
-4.046339914202690125e-02
9.985393285751342773e-02
3.008289039134979248e-01
-2.389597147703170776e-01
-3.101076185703277588e-01
3.839867413043975830e-01
