3.994582295417785645e-01
-4.569712877273559570e-01
-3.752246201038360596e-01
4.204936623573303223e-01
-1.783277541399002075e-01
-5.133153796195983887e-01
-6.048689037561416626e-02
5.506536364555358887e-01
3.018385767936706543e-01
3.609454631805419922e-01
4.092248976230621338e-01
-1.055236831307411194e-01
4.829395711421966553e-01
-5.464158058166503906e-01
-3.646903932094573975e-01
-7.391915321350097656e-01
2.789904475212097168e-01
4.272542893886566162e-01
-5.756089687347412109e-01
9.193843230605125427e-03
-5.018541216850280762e-01
4.043561816215515137e-01
1.169739738106727600e-01
-1.199871525168418884e-01
6.521331667900085449e-01
-5.339259505271911621e-01
2.278447300195693970e-01
-2.232380509376525879e-01
-2.666402757167816162e-01
8.372659087181091309e-01
