-2.115983963012695312e-01
5.614292807877063751e-03
-2.321176975965499878e-01
8.309914469718933105e-01
4.972246885299682617e-01
-3.879834413528442383e-01
3.177100718021392822e-01
6.000686287879943848e-01
-6.599388122558593750e-01
-5.133679509162902832e-01
1.281113773584365845e-01
2.083482295274734497e-01
-3.901284337043762207e-01
-1.435697078704833984e-01
3.689585030078887939e-01
-1.313391625881195068e-01
-6.512892246246337891e-01
1.886045485734939575e-01
3.622132241725921631e-01
7.265600562095642090e-01
-3.575506210327148438e-01
4.694880545139312744e-01
8.485273718833923340e-01
-8.552346229553222656e-01
-3.494615480303764343e-02
6.675952672958374023e-01
-5.070050358772277832e-01
-3.740280270576477051e-01
7.114974856376647949e-01
-6.547628045082092285e-01
