6.604136824607849121e-01
2.131455540657043457e-01
4.075886607170104980e-01
3.263866007328033447e-01
-1.601172089576721191e-01
1.232529401779174805e+00
-2.947373688220977783e-01
4.072539508342742920e-01
6.321636438369750977e-01
-8.690487146377563477e-01
9.179183244705200195e-01
6.282877922058105469e-01
-5.291644930839538574e-01
-7.387228608131408691e-01
-3.830481767654418945e-01
-1.031484961509704590e+00
5.179511308670043945e-01
-5.141687393188476562e-01
-5.540304780006408691e-01
9.885793328285217285e-01
-1.106443881988525391e+00
3.737433552742004395e-01
-4.632049202919006348e-01
-2.128250002861022949e-01
-2.793684601783752441e-01
6.032800078392028809e-01
-9.416205883026123047e-01
4.710615798830986023e-02
8.769282698631286621e-02
1.426282078027725220e-01
