5.399699807167053223e-01
-7.435308098793029785e-01
3.072604238986968994e-01
-9.501444101333618164e-01
5.226807296276092529e-02
2.361523956060409546e-01
-4.500902593135833740e-01
3.060783445835113525e-01
7.407601177692413330e-02
7.228571176528930664e-01
6.847827434539794922e-01
-4.783926904201507568e-01
4.229518473148345947e-01
-2.329496592283248901e-01
8.221465945243835449e-01
-6.174051761627197266e-01
3.303982913494110107e-01
-3.036874532699584961e-01
-4.643483757972717285e-01
1.154677420854568481e-01
-6.360549330711364746e-01
3.823946118354797363e-01
7.264145612716674805e-01
-6.502605229616165161e-02
6.551644206047058105e-01
7.348977923393249512e-01
5.405954122543334961e-01
-4.564681351184844971e-01
-4.158918857574462891e-01
2.110224664211273193e-01
