5.939320325851440430e-01
-1.597003489732742310e-01
5.216195583343505859e-01
-4.513543248176574707e-01
-2.115995436906814575e-01
7.130081653594970703e-01
-2.473783642053604126e-01
1.076285094022750854e-01
4.011644721031188965e-01
2.341410517692565918e-01
6.095166504383087158e-02
3.920463323593139648e-01
3.627666532993316650e-01
-7.726457715034484863e-01
-3.925936818122863770e-01
-8.350841403007507324e-01
-2.888242602348327637e-01
1.054783582687377930e+00
5.084431171417236328e-02
-7.914227247238159180e-01
3.727699518203735352e-01
1.818067729473114014e-01
-1.116345599293708801e-01
1.767458021640777588e-02
-9.351204633712768555e-01
-2.628932595252990723e-01
3.450380563735961914e-01
-9.321198463439941406e-01
5.815322995185852051e-01
6.307808756828308105e-01
