-3.947509527206420898e-01
2.453953176736831665e-01
-6.919553875923156738e-02
-1.762657612562179565e-01
1.481635719537734985e-01
-1.312748640775680542e-01
-1.970396637916564941e-01
-4.095883965492248535e-01
3.608536347746849060e-02
2.740996181964874268e-01
2.078113406896591187e-01
-2.275389432907104492e-01
3.131630420684814453e-01
3.251511454582214355e-01
-1.121174618601799011e-01
1.762795001268386841e-01
-1.004199013113975525e-01
-2.097966521978378296e-01
2.205542922019958496e-01
3.122792020440101624e-02
-2.901292145252227783e-01
3.010254204273223877e-01
-1.906108111143112183e-01
3.717973083257675171e-02
-1.897858828306198120e-01
8.383158594369888306e-02
3.681842088699340820e-01
1.349745988845825195e-01
-3.049208819866180420e-01
1.198524460196495056e-01
