-1.939311623573303223e-01
4.262824952602386475e-01
3.270418643951416016e-01
3.633146286010742188e-01
-1.433200985193252563e-01
-1.715033203363418579e-01
-4.690956473350524902e-01
-1.802282035350799561e-02
-3.390387594699859619e-01
-3.522197306156158447e-01
-9.353745728731155396e-02
-4.864792898297309875e-02
-9.872221946716308594e-02
2.798855900764465332e-01
1.919804699718952179e-02
5.827065706253051758e-01
-2.031946182250976562e-01
3.922992050647735596e-01
3.909176290035247803e-01
4.341224730014801025e-01
1.700910180807113647e-01
1.578669399023056030e-01
5.716308355331420898e-01
-8.640983700752258301e-02
-4.340129792690277100e-01
1.696916967630386353e-01
3.908416330814361572e-01
-2.366527616977691650e-01
-1.871829628944396973e-01
1.157152876257896423e-01
