8.729327917098999023e-01
-5.240085124969482422e-01
-4.671084582805633545e-01
3.097214698791503906e-01
3.400534093379974365e-01
-7.151116728782653809e-01
5.032725334167480469e-01
2.842400074005126953e-01
-5.133067965507507324e-01
6.540983319282531738e-01
2.356612831354141235e-01
8.385919332504272461e-01
-8.500611186027526855e-01
-4.047913253307342529e-01
-4.846782684326171875e-01
4.368978440761566162e-01
4.506889283657073975e-01
-1.364556550979614258e-01
-9.021490812301635742e-02
-2.836350500583648682e-01
-6.605830192565917969e-01
-7.866781353950500488e-01
3.432434499263763428e-01
1.626668870449066162e-01
6.219970583915710449e-01
3.428035676479339600e-01
-7.246715426445007324e-01
-2.341380566358566284e-01
4.960569441318511963e-01
3.397069126367568970e-02
