1.602717489004135132e-02
-5.954225063323974609e-01
8.623260259628295898e-01
6.814293861389160156e-01
-2.565026283264160156e-02
1.838844865560531616e-01
2.474061399698257446e-01
2.476561963558197021e-01
3.569182157516479492e-01
-4.745209813117980957e-01
-1.924552470445632935e-01
-3.567425906658172607e-01
-9.046327471733093262e-01
-1.037996411323547363e+00
-6.403239965438842773e-01
6.715152263641357422e-01
4.954876005649566650e-01
6.367645263671875000e-01
1.068939939141273499e-01
7.001566886901855469e-01
-7.284364104270935059e-01
2.550817728042602539e-01
-6.624450087547302246e-01
3.622114658355712891e-01
2.743894457817077637e-01
-3.879790902137756348e-01
-7.765816897153854370e-02
-2.133697271347045898e-01
-1.350636124610900879e+00
9.511208534240722656e-01
