-6.040977239608764648e-01
8.724043369293212891e-01
1.635073497891426086e-02
1.106246829032897949e+00
-4.969227910041809082e-01
1.133151948451995850e-01
4.273559153079986572e-01
6.949397325515747070e-01
4.301208853721618652e-01
7.194333076477050781e-01
3.333752453327178955e-01
-4.973741769790649414e-01
-2.511377632617950439e-01
4.973772466182708740e-01
6.824741959571838379e-01
3.310599029064178467e-01
6.503641009330749512e-01
6.498280912637710571e-02
-5.748263001441955566e-01
2.429960817098617554e-01
-2.075024396181106567e-01
8.894680738449096680e-01
-4.723149538040161133e-01
7.256576418876647949e-01
4.690340161323547363e-01
-9.564784765243530273e-01
6.213518977165222168e-01
-5.237872600555419922e-01
-1.490234881639480591e-01
-5.109863877296447754e-01
