2.628298997879028320e-01
-5.200819969177246094e-01
4.296697378158569336e-01
5.374789834022521973e-01
6.511292457580566406e-01
2.049106657505035400e-01
2.291396260261535645e-01
-3.988310694694519043e-01
3.763106167316436768e-01
1.665414571762084961e-01
1.640375703573226929e-01
-1.472465135157108307e-02
2.677226364612579346e-01
-2.696397006511688232e-01
-2.891606092453002930e-01
2.922754585742950439e-01
4.023419618606567383e-01
-2.749229669570922852e-01
2.856277227401733398e-01
-5.477713942527770996e-01
-6.235107779502868652e-01
-2.500510513782501221e-01
-1.372444778680801392e-01
-4.134738147258758545e-01
3.462817072868347168e-01
3.237551748752593994e-01
-5.259037017822265625e-01
-8.414279222488403320e-01
4.208841621875762939e-01
-4.535095095634460449e-01
