3.146550059318542480e-01
-6.375499963760375977e-01
-2.787048816680908203e-01
2.405928224325180054e-01
-4.144760072231292725e-01
-3.324386477470397949e-01
-4.471981823444366455e-01
4.244917035102844238e-01
2.713252305984497070e-01
9.910073131322860718e-02
-4.682721793651580811e-01
1.526866555213928223e-01
-2.683311402797698975e-01
3.363277018070220947e-01
-4.983899295330047607e-01
1.434531342238187790e-02
5.578621029853820801e-01
4.271091520786285400e-01
2.282188981771469116e-01
6.431985497474670410e-01
4.884215593338012695e-01
-5.580739974975585938e-01
2.417220622301101685e-01
6.903130412101745605e-01
-3.025190830230712891e-01
3.092382252216339111e-01
-2.837349772453308105e-01
5.146470665931701660e-01
-3.808914497494697571e-02
-6.726870536804199219e-01
