-6.043494865298271179e-02
7.921019196510314941e-02
-2.522893846035003662e-01
-8.765932917594909668e-02
-1.955993473529815674e-01
4.698870182037353516e-01
1.646520793437957764e-01
1.140287145972251892e-01
-2.003824263811111450e-01
1.323011368513107300e-01
-2.688683569431304932e-01
1.297063976526260376e-01
-1.408653855323791504e-01
-5.152104496955871582e-01
1.769644767045974731e-01
-5.169459432363510132e-02
1.034028306603431702e-01
3.226335942745208740e-01
-2.182443588972091675e-01
-1.206368803977966309e-01
-8.991593122482299805e-02
4.792199432849884033e-01
-4.398580789566040039e-01
4.257931187748908997e-02
-6.754355132579803467e-02
-2.444416880607604980e-01
-3.323560953140258789e-01
-2.355062514543533325e-01
-3.453641533851623535e-01
-1.905206292867660522e-01
