-2.603087201714515686e-02
-4.553807079792022705e-01
6.034629940986633301e-01
3.504532277584075928e-01
1.362458020448684692e-01
3.414965867996215820e-01
-2.859436273574829102e-01
-4.904856085777282715e-01
-6.259868144989013672e-01
-3.091457765549421310e-03
9.889692068099975586e-02
-6.565868854522705078e-01
-5.268751382827758789e-01
-7.761260122060775757e-02
3.780660629272460938e-01
3.965319693088531494e-01
-4.671597853302955627e-02
-3.048258721828460693e-01
-5.167099833488464355e-01
-3.150382637977600098e-01
5.055938959121704102e-01
2.175348252058029175e-01
3.808616399765014648e-01
-6.471858024597167969e-01
-2.829810976982116699e-01
3.452046215534210205e-01
2.213379740715026855e-01
5.729902386665344238e-01
-7.792826741933822632e-02
-4.156013429164886475e-01
