2.973347902297973633e-01
5.385151505470275879e-01
2.812514901161193848e-01
4.576605260372161865e-01
-7.367869019508361816e-01
-1.249968409538269043e-01
-1.712972074747085571e-01
3.387265503406524658e-01
1.324039846658706665e-01
6.246202811598777771e-02
-8.496218323707580566e-01
3.465495705604553223e-01
-3.655338585376739502e-01
-5.405650734901428223e-01
-4.039818644523620605e-01
7.781831920146942139e-02
-1.489117741584777832e-01
-3.237950801849365234e-01
1.893922388553619385e-01
6.464268565177917480e-01
3.570480346679687500e-01
2.591828405857086182e-01
-2.306488454341888428e-01
-2.854831814765930176e-01
2.949990928173065186e-01
-5.874243378639221191e-02
1.031802669167518616e-01
-4.527527093887329102e-01
4.289686977863311768e-01
-6.231071949005126953e-01
