3.478049039840698242e-01
-2.679238617420196533e-01
3.606592118740081787e-01
-2.853010296821594238e-01
3.099749684333801270e-01
6.978571414947509766e-02
1.624155789613723755e-01
-2.938689887523651123e-01
3.073554337024688721e-01
4.574600234627723694e-02
-2.192595787346363068e-02
-4.592994749546051025e-01
1.085477173328399658e-01
2.381357550621032715e-01
-2.991731762886047363e-01
-4.098027944564819336e-01
3.060465753078460693e-01
2.510799765586853027e-01
-4.519665539264678955e-01
1.570667326450347900e-01
3.896665275096893311e-01
2.045884728431701660e-01
1.273418813943862915e-01
4.637338966131210327e-02
2.997659742832183838e-01
-4.122162759304046631e-01
-4.570075571537017822e-01
-2.579778134822845459e-01
7.546345889568328857e-02
2.723945081233978271e-01
