1.658468246459960938e-01
-1.942641437053680420e-01
-4.602026045322418213e-01
-2.047423720359802246e-01
2.009216547012329102e-01
3.916952013969421387e-01
-2.983669191598892212e-02
-3.980191946029663086e-01
-1.641423068940639496e-02
8.501729369163513184e-02
-4.120232462882995605e-01
-7.869771867990493774e-02
2.302244603633880615e-01
-2.676378488540649414e-01
-3.449894189834594727e-01
-8.725390583276748657e-02
1.265196353197097778e-01
3.035759925842285156e-01
2.893354892730712891e-01
4.944669604301452637e-01
-2.744689881801605225e-01
3.503226339817047119e-01
-2.000718563795089722e-01
2.100050598382949829e-01
6.185144782066345215e-01
-3.264366090297698975e-01
-4.655455350875854492e-01
3.089670836925506592e-01
-3.421496152877807617e-01
-4.556912928819656372e-02
