-2.583021819591522217e-01
-2.157262414693832397e-01
-4.303215444087982178e-02
-6.636565923690795898e-01
-6.921326518058776855e-01
2.154077142477035522e-01
-4.429638981819152832e-01
2.165485769510269165e-01
8.144013285636901855e-01
-4.996772408485412598e-01
-6.111891940236091614e-03
-5.049490928649902344e-01
-8.349006623029708862e-02
2.881553173065185547e-01
-4.308259114623069763e-02
-8.240965008735656738e-01
3.190673589706420898e-01
3.183230459690093994e-01
-8.566013574600219727e-01
-3.495111465454101562e-01
6.406348943710327148e-02
5.498552918434143066e-01
-7.152069807052612305e-01
-6.066589951515197754e-01
-9.258112907409667969e-01
-8.774125576019287109e-01
2.357059866189956665e-01
6.010809540748596191e-01
-3.542217016220092773e-01
-6.398701071739196777e-01
