-4.306052923202514648e-01
-2.349048256874084473e-01
-1.657057255506515503e-01
-7.952331751585006714e-02
2.518275380134582520e-01
2.174902856349945068e-01
-2.338563948869705200e-01
-7.950203865766525269e-02
1.375491768121719360e-01
1.737462878227233887e-01
4.396691620349884033e-01
-2.250595241785049438e-01
-2.028450369834899902e-01
-3.917855918407440186e-01
4.133519828319549561e-01
-1.318868100643157959e-01
3.372945263981819153e-02
-3.289013803005218506e-01
-5.378640890121459961e-01
-2.350113242864608765e-01
8.181450515985488892e-02
1.113223060965538025e-01
2.541546523571014404e-01
-2.493839114904403687e-01
2.069793343544006348e-01
-2.681625485420227051e-01
-1.739258915185928345e-01
-1.119328662753105164e-01
3.500621318817138672e-01
-1.427876800298690796e-01
