1.544088840484619141e+00
7.172831892967224121e-02
-8.851400017738342285e-01
-1.915964335203170776e-01
-3.246288597583770752e-01
7.988164424896240234e-01
1.764762550592422485e-01
-4.120014905929565430e-01
-4.367451965808868408e-01
-4.851787686347961426e-01
1.409773975610733032e-01
7.563560009002685547e-01
-6.209120750427246094e-01
1.351918727159500122e-01
7.778951525688171387e-01
1.324452400207519531e+00
5.051496028900146484e-01
-2.491415441036224365e-01
2.612762749195098877e-01
3.882014155387878418e-01
-4.223730564117431641e-01
1.752287447452545166e-01
2.852769792079925537e-01
-1.108319282531738281e+00
-4.772683382034301758e-01
8.595435321331024170e-02
5.538232922554016113e-01
-5.816390514373779297e-01
-6.819305419921875000e-01
-5.137872695922851562e-01
