-4.587083756923675537e-01
4.731858968734741211e-01
2.148649990558624268e-01
-3.348962664604187012e-01
-1.292112469673156738e-01
3.046208918094635010e-01
1.825362145900726318e-01
-3.901137113571166992e-01
-1.392801254987716675e-01
2.700098454952239990e-01
-2.302256524562835693e-01
6.967256665229797363e-01
1.333613842725753784e-01
3.317303061485290527e-01
-4.508680701255798340e-01
-2.664925158023834229e-01
5.497133135795593262e-01
2.503656446933746338e-01
1.646431684494018555e-01
-7.029302120208740234e-01
-1.517419070005416870e-01
-1.680813580751419067e-01
-1.360196471214294434e-01
1.349383499473333359e-02
5.255671203485690057e-05
-3.606614843010902405e-02
-3.093785345554351807e-01
1.022378820925951004e-02
-1.194448173046112061e-01
-2.444882243871688843e-01
