7.693237066268920898e-01
-4.395333528518676758e-01
-3.980892896652221680e-01
-1.102209165692329407e-01
4.920942783355712891e-01
-9.276970028877258301e-01
-8.796582818031311035e-01
6.775498390197753906e-01
1.209979891777038574e+00
-6.125828027725219727e-01
-2.098003029823303223e-01
9.851673245429992676e-01
5.218839645385742188e-01
9.917218685150146484e-01
7.563334107398986816e-01
-4.488720297813415527e-01
4.253188371658325195e-01
-6.398506164550781250e-01
9.628829360008239746e-01
9.562175273895263672e-01
-5.964578986167907715e-01
-3.287805616855621338e-01
-3.255730867385864258e-01
-1.010764837265014648e+00
-5.204462632536888123e-02
-3.634227514266967773e-01
-5.206582546234130859e-01
2.963451147079467773e-01
-1.401605755090713501e-01
-4.398186206817626953e-01
