-3.067156076431274414e-01
-2.211276292800903320e-01
2.827237844467163086e-01
1.974848508834838867e-01
3.908973634243011475e-01
-7.589982748031616211e-01
-1.948838233947753906e-01
6.661654114723205566e-01
-2.989268004894256592e-01
-2.461216598749160767e-01
-1.397456675767898560e-01
3.005236387252807617e-01
3.070807754993438721e-01
-3.397430852055549622e-02
-3.066944889724254608e-02
-2.282996326684951782e-01
2.044340521097183228e-01
3.969236314296722412e-01
2.162916362285614014e-01
4.965838491916656494e-01
1.144386753439903259e-01
5.556519627571105957e-01
-1.078788399696350098e+00
4.725393354892730713e-01
-1.082495808601379395e+00
1.612054854631423950e-01
8.958775997161865234e-01
5.845571160316467285e-01
-8.356963098049163818e-02
5.542026758193969727e-01
