2.072660773992538452e-01
-5.557067394256591797e-01
2.638234496116638184e-01
1.247583776712417603e-01
8.911411464214324951e-02
-3.238681554794311523e-01
-2.429759800434112549e-01
5.656260624527931213e-02
3.103230595588684082e-01
-1.888038963079452515e-01
2.022509425878524780e-01
-1.858710497617721558e-01
-1.698865741491317749e-01
-1.069406494498252869e-01
-2.309429049491882324e-01
6.027343869209289551e-01
3.455622792243957520e-01
-3.336675763130187988e-01
-3.127740919589996338e-01
-2.597493827342987061e-01
-2.961069941520690918e-01
2.102160006761550903e-01
2.483111619949340820e-01
-2.454022914171218872e-01
9.959541261196136475e-02
-8.439557999372482300e-02
-1.260531842708587646e-01
-2.422753572463989258e-01
1.143532022833824158e-01
-2.771149873733520508e-01
