-4.447510242462158203e-01
2.680877745151519775e-01
1.421717852354049683e-01
4.625407755374908447e-01
-2.867255732417106628e-02
5.968104004859924316e-01
3.193676844239234924e-02
-3.623624444007873535e-01
2.773764729499816895e-01
-2.324929684400558472e-01
5.097963213920593262e-01
-5.991860032081604004e-01
-1.301379799842834473e-01
1.201905906200408936e-01
6.324344873428344727e-01
4.578882455825805664e-01
-6.232680678367614746e-01
-4.643294215202331543e-01
5.125869512557983398e-01
-6.571323424577713013e-02
-9.606923907995223999e-02
8.816058188676834106e-02
2.590965032577514648e-01
-3.393606543540954590e-01
1.428451389074325562e-01
9.389474242925643921e-02
-1.149317547678947449e-01
-8.565376400947570801e-01
-4.317142367362976074e-01
-1.959114074707031250e-01
