6.179386377334594727e-01
4.504165947437286377e-01
-5.859510507434606552e-03
3.466563820838928223e-01
-2.619830369949340820e-01
-2.680561691522598267e-02
-3.814751803874969482e-01
-3.874253332614898682e-01
3.502558767795562744e-01
1.950778514146804810e-01
9.396531581878662109e-01
2.661183178424835205e-01
-3.847191333770751953e-01
-1.053834706544876099e-01
-8.856465816497802734e-01
9.295291304588317871e-01
5.011837482452392578e-01
2.890833616256713867e-01
-9.686809778213500977e-02
-5.445211380720138550e-02
7.210044860839843750e-01
7.932795882225036621e-01
6.344110369682312012e-01
4.701402783393859863e-01
5.525134801864624023e-01
-6.312385201454162598e-01
-7.409231662750244141e-01
-6.220170855522155762e-01
7.814882397651672363e-01
7.442376017570495605e-01
