6.402661204338073730e-01
-4.502202570438385010e-01
2.764941155910491943e-01
-1.723496615886688232e-01
3.838489949703216553e-02
-5.055912137031555176e-01
2.711572945117950439e-01
1.713408976793289185e-01
-5.114098787307739258e-01
2.915323339402675629e-02
2.762463092803955078e-01
6.763062626123428345e-02
2.693967223167419434e-01
-5.824700593948364258e-01
3.392650485038757324e-01
-4.906518757343292236e-02
6.219412684440612793e-01
-2.362638413906097412e-01
3.874557912349700928e-01
-1.272324323654174805e-01
-3.861715197563171387e-01
-3.573359251022338867e-01
-7.152352929115295410e-01
-2.510512173175811768e-01
-2.123434245586395264e-01
-4.177786707878112793e-01
-7.516045570373535156e-01
-4.630030393600463867e-01
-3.724492788314819336e-01
1.087975278496742249e-01
