-7.661869525909423828e-01
-2.067693471908569336e-01
6.093303561210632324e-01
-4.390910863876342773e-01
-8.062825202941894531e-01
1.808366030454635620e-01
6.021181344985961914e-01
-8.957868814468383789e-01
-7.928308099508285522e-02
-6.361708641052246094e-01
-5.637916326522827148e-01
4.717119336128234863e-01
-2.019912600517272949e-01
-6.011410951614379883e-01
-6.435870528221130371e-01
5.850989818572998047e-01
-1.250739246606826782e-01
-5.336908102035522461e-01
1.051338389515876770e-02
4.661703407764434814e-01
1.289215236902236938e-01
2.968826591968536377e-01
-1.447912454605102539e-01
-2.069127112627029419e-01
-7.489129900932312012e-01
-1.646021604537963867e-01
4.007643163204193115e-01
4.051305353641510010e-01
5.722342729568481445e-01
2.220517694950103760e-01
