-2.324056178331375122e-01
-4.023764729499816895e-01
1.304761469364166260e-01
-1.271430701017379761e-01
2.858762145042419434e-01
-5.218462347984313965e-01
-1.284887492656707764e-01
1.649994254112243652e-01
1.465675234794616699e-01
1.804287284612655640e-01
2.005637735128402710e-01
1.602223366498947144e-01
2.766090035438537598e-01
3.422679901123046875e-01
2.246092557907104492e-01
2.772105634212493896e-01
-2.620513737201690674e-01
-1.549298614263534546e-01
-2.131291925907135010e-01
2.405556440353393555e-01
3.693078160285949707e-01
-4.272345080971717834e-02
-5.691620111465454102e-01
-4.199063479900360107e-01
9.936057031154632568e-02
4.135114252567291260e-01
1.829031705856323242e-01
2.376692146062850952e-01
2.109649479389190674e-01
3.113413155078887939e-01
