4.371894896030426025e-01
-6.525434851646423340e-01
-1.674920022487640381e-01
-5.272452831268310547e-01
-4.582801163196563721e-01
-5.748726725578308105e-01
6.153472661972045898e-01
-4.331997931003570557e-01
-1.465870589017868042e-01
5.868613719940185547e-01
-4.759441018104553223e-01
-2.596186995506286621e-01
-2.731927037239074707e-01
-3.287585973739624023e-01
7.070644497871398926e-01
7.866162657737731934e-01
-6.114270538091659546e-02
-3.276485800743103027e-01
4.720824584364891052e-02
2.000982612371444702e-01
6.284973025321960449e-01
-1.088898777961730957e+00
1.330966055393218994e-01
3.516721427440643311e-01
-3.253354728221893311e-01
1.494912058115005493e-01
-7.377115488052368164e-01
-4.788042306900024414e-01
6.911285221576690674e-02
-4.763916432857513428e-01
