6.770955920219421387e-01
-7.211664319038391113e-01
6.490146517753601074e-01
-3.230882883071899414e-01
-1.996561437845230103e-01
-1.438472978770732880e-02
4.851250052452087402e-01
6.588523387908935547e-01
-2.838276326656341553e-01
-9.541291594505310059e-01
6.353983283042907715e-01
-8.519780635833740234e-01
-3.366764783859252930e-01
2.128628939390182495e-01
-4.283174574375152588e-01
-6.505336612462997437e-02
4.559334218502044678e-01
-7.222685813903808594e-01
-1.196334958076477051e-01
2.088139355182647705e-01
7.445881366729736328e-01
-9.122751355171203613e-01
-7.310125976800918579e-02
4.792208373546600342e-01
7.686614394187927246e-01
-6.812141835689544678e-02
-4.790787994861602783e-01
-7.670945525169372559e-01
2.648767232894897461e-01
-5.896489620208740234e-01
