-2.031592875719070435e-01
6.320301294326782227e-01
5.251274108886718750e-01
3.563266396522521973e-01
2.569806873798370361e-01
-7.621947526931762695e-01
3.152488172054290771e-01
-7.492196559906005859e-01
-6.712248921394348145e-01
1.056798547506332397e-01
-6.666934490203857422e-01
-6.624098420143127441e-01
3.371105194091796875e-01
1.251336038112640381e-01
-4.746004343032836914e-01
-6.157199740409851074e-01
-7.689020782709121704e-02
8.895761519670486450e-02
-7.629114389419555664e-01
1.424733102321624756e-01
-3.868688941001892090e-01
8.787664584815502167e-03
8.332030475139617920e-02
3.986055850982666016e-01
-2.288307994604110718e-01
3.810584247112274170e-01
6.842777132987976074e-02
-6.089953333139419556e-02
-4.443766772747039795e-01
-5.457685589790344238e-01
