-3.017779290676116943e-01
-7.271624803543090820e-01
-5.182859301567077637e-01
1.483238190412521362e-01
-4.987867474555969238e-01
6.467075943946838379e-01
4.771303534507751465e-01
6.642761230468750000e-01
-7.341583371162414551e-01
-7.122553884983062744e-02
-6.670478582382202148e-01
8.781685829162597656e-01
-4.875001907348632812e-01
5.260610580444335938e-01
-4.559303522109985352e-01
-2.741575539112091064e-01
-1.479670405387878418e-01
-3.458022177219390869e-01
2.265321314334869385e-01
5.658022314310073853e-02
-3.608599603176116943e-01
5.179979205131530762e-01
-1.333528757095336914e-01
6.651387214660644531e-01
6.347038149833679199e-01
-2.898319661617279053e-01
4.176775813102722168e-01
4.450492560863494873e-01
4.806180298328399658e-01
-2.179093509912490845e-01
