-2.445125132799148560e-01
-3.364679217338562012e-01
-9.311484545469284058e-02
-2.739495337009429932e-01
-7.861036062240600586e-01
-2.820978760719299316e-01
-3.842784166336059570e-01
-1.467359066009521484e-01
-2.165851593017578125e-01
7.240060567855834961e-01
7.714073061943054199e-01
-2.757166922092437744e-01
5.527122616767883301e-01
6.226795315742492676e-01
5.460046529769897461e-01
3.541823625564575195e-01
3.924742639064788818e-01
-5.904072523117065430e-01
-2.899076044559478760e-01
-5.083360671997070312e-01
-1.539348959922790527e-01
-3.085567355155944824e-01
-1.575081646442413330e-01
1.222559213638305664e+00
-7.394769191741943359e-01
-2.117932885885238647e-01
-3.446351587772369385e-01
6.139631271362304688e-01
-2.375478744506835938e-01
-4.585064053535461426e-01
