4.283376932144165039e-01
-3.396899700164794922e-01
-6.136748790740966797e-01
-5.468091368675231934e-01
-1.751202046871185303e-01
4.295345246791839600e-01
-9.130899906158447266e-01
6.680958271026611328e-01
-4.591603577136993408e-01
-1.027017116546630859e+00
7.913287281990051270e-01
4.342297017574310303e-01
7.036409974098205566e-01
-4.744587466120719910e-02
6.140331029891967773e-01
-1.189617156982421875e+00
-2.507522106170654297e-01
3.819870576262474060e-02
-1.268158197402954102e+00
-7.298910617828369141e-01
4.776256158947944641e-02
-1.916805207729339600e-01
-2.540017105638980865e-02
-4.610325694084167480e-01
-3.033689558506011963e-01
3.458746671676635742e-01
6.192349195480346680e-01
-1.330165266990661621e-01
4.026550799608230591e-02
7.781495153903961182e-02
