-1.297092884778976440e-01
-5.198208093643188477e-01
-1.621202230453491211e-01
-2.304922640323638916e-01
-3.954430520534515381e-01
5.765911340713500977e-01
-2.050601989030838013e-01
-9.582618474960327148e-01
2.398655861616134644e-01
-1.202901452779769897e-02
-6.834790110588073730e-01
-1.098493561148643494e-01
-5.132706165313720703e-01
-2.569306194782257080e-01
-3.795720636844635010e-01
1.473442069254815578e-03
9.472348541021347046e-02
-2.828483879566192627e-01
6.806046962738037109e-01
5.258446931838989258e-01
-5.141554474830627441e-01
-1.780897565186023712e-02
-1.770380884408950806e-02
2.344161868095397949e-01
6.063468456268310547e-01
-1.213288009166717529e-01
-2.488238960504531860e-01
3.149382174015045166e-01
4.868660867214202881e-01
-8.163397312164306641e-01
