-4.640698134899139404e-01
-2.408307790756225586e-01
5.983386039733886719e-01
4.446269571781158447e-01
7.172405719757080078e-01
2.345433831214904785e-01
-7.303949594497680664e-01
-5.629869699478149414e-01
1.733575314283370972e-01
5.860566496849060059e-01
-3.940464854240417480e-01
5.644934177398681641e-01
1.191111803054809570e+00
4.904741644859313965e-01
6.155323982238769531e-01
-2.375887632369995117e-01
-6.497344374656677246e-01
-5.819081664085388184e-01
1.818229854106903076e-01
5.228695869445800781e-01
7.583937048912048340e-01
2.004036307334899902e-01
-4.055747091770172119e-01
-4.623273611068725586e-01
7.081571817398071289e-01
7.764525413513183594e-01
3.897364139556884766e-01
-4.069903194904327393e-01
-2.867907881736755371e-01
2.157028019428253174e-01
