-4.537664353847503662e-01
-9.192421287298202515e-02
2.194709628820419312e-01
1.369795352220535278e-01
1.221246123313903809e-01
3.702076673507690430e-01
5.514581799507141113e-01
1.239138394594192505e-01
4.288791418075561523e-01
3.774028122425079346e-01
-3.461632430553436279e-01
2.548889219760894775e-01
-2.962704002857208252e-01
2.882524430751800537e-01
4.287630915641784668e-01
-2.999468743801116943e-01
1.145608797669410706e-01
-2.164238132536411285e-03
-5.015890300273895264e-02
-5.331875383853912354e-02
-3.680278062820434570e-01
2.109829150140285492e-02
8.376535773277282715e-01
1.806432902812957764e-01
7.846976518630981445e-01
1.235371008515357971e-01
-1.624327450990676880e-01
-2.936325967311859131e-01
1.248860284686088562e-01
2.564032673835754395e-01
