-5.248465538024902344e-01
2.595740258693695068e-01
-4.240149259567260742e-01
-8.029048889875411987e-02
-4.530292749404907227e-01
4.638940393924713135e-01
-2.665959298610687256e-01
-3.716585934162139893e-01
2.759791612625122070e-01
1.628521271049976349e-02
-2.635559625923633575e-02
-2.633816301822662354e-01
9.786854684352874756e-02
-1.873489022254943848e-01
8.273471146821975708e-02
1.340260803699493408e-01
-3.244317770004272461e-01
-1.487005036324262619e-02
3.083809316158294678e-01
-2.243904620409011841e-01
2.868846058845520020e-01
-1.881840080022811890e-02
2.957063913345336914e-01
-2.150392979383468628e-01
-2.941158711910247803e-01
-1.857182681560516357e-01
1.653880178928375244e-01
1.770270057022571564e-02
2.318975627422332764e-01
9.589406102895736694e-02
