4.119158685207366943e-01
-3.598310947418212891e-01
-3.099198639392852783e-02
-4.664540290832519531e-02
-2.691239416599273682e-01
-3.739259839057922363e-01
5.994329452514648438e-01
-2.030329704284667969e-01
-2.454880774021148682e-01
-8.628026582300662994e-03
3.182310163974761963e-01
1.777031719684600830e-01
5.574966669082641602e-01
4.665177166461944580e-01
-4.159590005874633789e-01
4.446142613887786865e-01
-5.204524397850036621e-01
-4.634915292263031006e-01
-1.161751672625541687e-01
2.104199975728988647e-01
-1.257996112108230591e-01
-3.086435794830322266e-01
1.121953204274177551e-01
-3.323586285114288330e-01
-8.943965286016464233e-02
-1.384600549936294556e-01
-2.516830563545227051e-01
1.659458726644515991e-01
2.184227406978607178e-01
6.537330150604248047e-01
