3.287827968597412109e-01
-3.704380095005035400e-01
2.362041920423507690e-01
3.880323469638824463e-01
8.600550889968872070e-01
-3.430521488189697266e-01
-2.429883629083633423e-01
6.271570920944213867e-02
7.190331071615219116e-02
-2.179140150547027588e-01
-5.719043612480163574e-01
2.743971347808837891e-01
4.989295899868011475e-01
-4.700157046318054199e-01
6.761209368705749512e-01
-1.231671348214149475e-01
4.278331398963928223e-01
-4.613889753818511963e-01
1.492639064788818359e+00
-5.609766840934753418e-01
2.997761964797973633e-01
-4.841413795948028564e-01
4.293068647384643555e-01
-8.534142374992370605e-02
-3.623515367507934570e-01
-1.664790213108062744e-01
-5.482534170150756836e-01
-3.215157687664031982e-01
2.031987011432647705e-01
-3.400160968303680420e-01
