-3.011201620101928711e-01
6.520789861679077148e-02
6.227033138275146484e-01
2.419686764478683472e-01
-2.493665665388107300e-01
2.172939181327819824e-01
-7.697039246559143066e-01
-2.718978524208068848e-01
-1.898362934589385986e-01
-4.327626153826713562e-02
-5.649361610412597656e-01
-4.010086059570312500e-01
-3.034304678440093994e-01
6.827758252620697021e-02
-3.024765253067016602e-01
-4.415261149406433105e-01
-2.330251485109329224e-01
-1.265019923448562622e-01
1.305468827486038208e-01
-2.342589497566223145e-01
-3.398873507976531982e-01
2.429018020629882812e-01
1.850816011428833008e-01
-2.644464373588562012e-01
2.430285811424255371e-01
2.400725893676280975e-02
-3.235601186752319336e-01
6.943365931510925293e-02
2.753132581710815430e-02
-1.274916529655456543e-01
