-4.860770404338836670e-01
1.991236805915832520e-01
6.150109767913818359e-01
-3.648165166378021240e-01
4.228830337524414062e-01
-5.344530344009399414e-01
-1.527781225740909576e-02
-4.645029902458190918e-01
-1.494406461715698242e-01
3.298399448394775391e-01
3.817836344242095947e-01
3.104491829872131348e-01
-5.064799785614013672e-01
-2.767509818077087402e-01
-2.080474048852920532e-01
8.658559918403625488e-01
-4.562545418739318848e-01
5.302190408110618591e-02
3.434843122959136963e-01
6.970578338950872421e-03
-2.466028779745101929e-01
4.241035580635070801e-01
-4.931508898735046387e-01
-3.179188072681427002e-01
6.183462142944335938e-01
2.932437062263488770e-01
-5.741279721260070801e-01
5.947123169898986816e-01
-6.115561127662658691e-01
7.581530213356018066e-01
