3.363325595855712891e-01
2.837732434272766113e-01
5.816491693258285522e-02
5.128269791603088379e-01
7.862450480461120605e-01
6.417525410652160645e-01
3.167730569839477539e-01
3.806298077106475830e-01
4.526944756507873535e-01
-6.937457621097564697e-02
4.352336227893829346e-01
-1.585789918899536133e-01
1.789826750755310059e-01
-5.553361773490905762e-02
-1.955742388963699341e-01
-1.066756993532180786e-01
3.216580450534820557e-01
-4.457549750804901123e-01
-3.843801096081733704e-02
4.353047907352447510e-01
-6.091625094413757324e-01
-1.768026202917098999e-01
-5.870563983917236328e-01
5.236785411834716797e-01
-5.574532151222229004e-01
-6.066981554031372070e-01
-6.277669668197631836e-01
9.346917867660522461e-01
-3.939466178417205811e-01
1.870929002761840820e-01
