-7.591874599456787109e-01
-9.703468531370162964e-02
-5.228422284126281738e-01
-6.715802550315856934e-01
2.540819905698299408e-02
-5.801643133163452148e-01
1.005028262734413147e-01
-4.004069864749908447e-01
2.228731215000152588e-01
5.025529265403747559e-01
4.697490930557250977e-01
-5.083879232406616211e-01
-6.774362921714782715e-01
-5.661823600530624390e-02
3.230851292610168457e-01
-3.287218511104583740e-01
-4.103630781173706055e-01
-1.980916857719421387e-01
-3.821464478969573975e-01
-4.977154135704040527e-01
1.086034417152404785e+00
3.931356072425842285e-01
-6.906383037567138672e-01
1.847576946020126343e-01
-9.295414090156555176e-01
7.719174027442932129e-01
-9.439784288406372070e-01
1.911001354455947876e-01
3.365155160427093506e-01
1.124524101614952087e-01
