3.108939826488494873e-01
2.933446690440177917e-02
-4.256496727466583252e-01
2.853360958397388458e-02
1.140941902995109558e-01
3.133188188076019287e-01
4.624828994274139404e-01
3.953074514865875244e-01
4.018619954586029053e-01
2.161798924207687378e-01
3.446038365364074707e-01
-2.909615933895111084e-01
9.905283153057098389e-02
-2.253743708133697510e-01
-2.350205928087234497e-01
-4.069697484374046326e-02
-3.090566396713256836e-01
-8.207687735557556152e-02
1.630362123250961304e-02
-2.488589286804199219e-01
-5.575460195541381836e-01
2.565500140190124512e-01
3.782469928264617920e-01
2.470206096768379211e-02
-2.116684019565582275e-01
-1.953744143247604370e-02
4.238511323928833008e-01
-2.409926243126392365e-02
-3.754587471485137939e-01
4.980789422988891602e-01
