4.865108132362365723e-01
3.441684842109680176e-01
6.764231324195861816e-01
-2.599284648895263672e-01
9.410387277603149414e-02
6.369115710258483887e-01
-6.728831529617309570e-01
6.342828273773193359e-01
7.473063468933105469e-02
-2.548410296440124512e-01
3.696861267089843750e-01
1.516128778457641602e-01
-2.340243309736251831e-01
-3.119376599788665771e-01
-9.291853639297187328e-04
4.866061806678771973e-01
-7.739829421043395996e-01
-9.653399139642715454e-02
-2.558310627937316895e-01
-3.070245683193206787e-01
2.152087092399597168e-01
-3.407844305038452148e-01
1.885516345500946045e-01
5.347546935081481934e-01
4.530113935470581055e-01
-3.501399755477905273e-01
-4.349624216556549072e-01
5.668398365378379822e-02
-7.800485491752624512e-01
-9.607348442077636719e-01
