-6.582906246185302734e-01
3.279101848602294922e-01
-4.242150578647851944e-03
-4.556901454925537109e-01
-9.604516625404357910e-01
-3.108499348163604736e-01
5.847024321556091309e-01
4.579637572169303894e-02
7.048672437667846680e-01
-3.737446665763854980e-01
-6.013987064361572266e-01
5.149754881858825684e-01
-2.906254827976226807e-01
-3.583719134330749512e-01
8.250444531440734863e-01
-8.360312581062316895e-01
7.825723290443420410e-01
-8.595830798149108887e-01
-6.130903363227844238e-01
-7.048252224922180176e-01
-7.287016510963439941e-02
-3.964702486991882324e-01
7.804663777351379395e-01
-4.175119698047637939e-01
-3.157317936420440674e-01
-2.315828353166580200e-01
-4.185743629932403564e-01
-3.057136237621307373e-01
-8.024495840072631836e-01
-1.435243338346481323e-01
