-2.603858709335327148e-01
-2.889248728752136230e-01
2.953554689884185791e-01
1.332281231880187988e-01
1.157049909234046936e-01
-2.301094233989715576e-01
2.621412277221679688e-01
-5.163379944860935211e-03
-9.149421751499176025e-02
4.418761730194091797e-01
-4.584862291812896729e-02
1.062200814485549927e-01
3.935745954513549805e-01
1.143386140465736389e-01
2.333664447069168091e-01
8.038327097892761230e-02
1.732849925756454468e-01
-2.633243054151535034e-02
-3.981420397758483887e-01
-1.064792275428771973e-02
-3.031133413314819336e-01
2.935000360012054443e-01
-4.689214825630187988e-01
-2.428810894489288330e-01
2.289905697107315063e-01
-1.424077600240707397e-01
-1.972448378801345825e-01
-2.214523851871490479e-01
-6.534765362739562988e-01
-8.557718992233276367e-02
