1.810351312160491943e-01
2.636719644069671631e-01
-1.058517098426818848e-01
7.970591187477111816e-01
-1.853738427162170410e-01
7.420156002044677734e-01
-7.962096482515335083e-02
-6.123588085174560547e-01
2.422207444906234741e-01
4.955033063888549805e-01
7.466018944978713989e-02
-6.833822131156921387e-01
1.002860307693481445e+00
-1.570303887128829956e-01
-7.826580852270126343e-02
4.470361769199371338e-02
2.924081385135650635e-01
-2.005096226930618286e-01
-4.530670642852783203e-01
-1.696446537971496582e-01
6.122487783432006836e-01
8.131973147392272949e-01
-3.797282874584197998e-01
9.781646132469177246e-01
1.192621141672134399e-01
6.649409532546997070e-01
4.622650146484375000e-02
3.648102581501007080e-01
-8.430139720439910889e-02
3.476498126983642578e-01
