-1.366345584392547607e-01
-2.577231526374816895e-01
6.208494305610656738e-01
-4.132858216762542725e-01
4.685196578502655029e-01
3.686111569404602051e-01
6.725370138883590698e-02
-3.623020946979522705e-01
4.365993738174438477e-01
1.976352334022521973e-01
2.741472125053405762e-01
3.995159864425659180e-01
-3.627075850963592529e-01
7.812805175781250000e-01
2.950781881809234619e-01
-1.264837980270385742e-01
4.245228469371795654e-01
6.380733251571655273e-01
4.433137476444244385e-01
-2.293627709150314331e-01
7.005106210708618164e-01
-9.245990775525569916e-03
4.241990149021148682e-01
-4.595687389373779297e-01
-1.614172756671905518e-01
-3.918165564537048340e-01
-8.469001650810241699e-01
6.969362497329711914e-02
-1.700405329465866089e-01
-1.364844590425491333e-01
