-1.283740904182195663e-02
1.041802883148193359e+00
-2.268503606319427490e-01
-6.013161540031433105e-01
-1.794465780258178711e-01
3.495367169380187988e-01
-4.994806647300720215e-02
4.232645034790039062e-01
5.099252462387084961e-01
-1.218429684638977051e+00
6.084497570991516113e-01
5.593580603599548340e-01
-7.421239614486694336e-01
-1.103986263275146484e+00
8.409513831138610840e-01
7.181323319673538208e-02
3.445005118846893311e-01
2.565576136112213135e-01
-3.667722642421722412e-01
-2.921975255012512207e-01
8.817231059074401855e-01
3.856205567717552185e-02
-3.302535116672515869e-01
2.127126753330230713e-01
2.390709072351455688e-01
-7.352515459060668945e-01
-3.239953219890594482e-01
-7.695615887641906738e-01
-1.518829315900802612e-01
5.371277332305908203e-01
