-6.286788582801818848e-01
-1.930178999900817871e-01
9.237045049667358398e-01
1.536896824836730957e-01
-2.656250298023223877e-01
6.677499413490295410e-01
-5.091060996055603027e-01
-4.307165145874023438e-01
4.958231747150421143e-02
-1.747507899999618530e-01
6.215164065361022949e-01
-4.575776755809783936e-01
-4.708434641361236572e-01
-8.185263872146606445e-01
-5.128057003021240234e-01
-4.326182603836059570e-01
2.286560386419296265e-01
-3.382775783538818359e-01
4.737626314163208008e-01
8.889497071504592896e-02
3.512639701366424561e-01
-5.719444155693054199e-01
5.263859629631042480e-01
5.845902115106582642e-02
-3.039760291576385498e-01
-2.611096799373626709e-01
6.003557443618774414e-01
3.519213497638702393e-01
-4.228991568088531494e-01
-2.579817473888397217e-01
