4.261696338653564453e-01
-4.576849937438964844e-02
-3.357071280479431152e-01
-2.754185199737548828e-01
5.934401154518127441e-01
3.132334351539611816e-01
-6.004561781883239746e-01
-3.519049584865570068e-01
1.995293945074081421e-01
1.221332103013992310e-01
-6.440913677215576172e-01
1.620263457298278809e-01
-5.027752518653869629e-01
-3.820300400257110596e-01
4.463313817977905273e-01
-1.739736050367355347e-01
-5.670006275177001953e-01
-7.149263620376586914e-01
-2.555004060268402100e-01
-1.886156648397445679e-01
2.520497143268585205e-02
5.359317660331726074e-01
-3.161548078060150146e-01
5.573117733001708984e-01
1.574926637113094330e-02
-1.624327600002288818e-01
6.219913959503173828e-01
3.013181388378143311e-01
-4.177170693874359131e-01
-5.081616044044494629e-01
