-5.250190496444702148e-01
-5.837013721466064453e-01
-5.407038927078247070e-01
-9.341078400611877441e-01
-1.167748272418975830e-01
-4.128081500530242920e-01
-8.329517841339111328e-01
-2.870652079582214355e-01
-1.450910419225692749e-01
5.203649029135704041e-02
4.656117558479309082e-01
3.099262118339538574e-01
9.029739499092102051e-01
-3.584471940994262695e-01
-1.009385585784912109e-01
-1.775279492139816284e-01
-8.543763160705566406e-01
-4.252288341522216797e-01
-2.185200303792953491e-01
7.255921959877014160e-01
-3.552048206329345703e-01
-5.525021627545356750e-02
-2.948669493198394775e-01
7.615866661071777344e-01
-5.919234156608581543e-01
1.460736393928527832e+00
4.688855707645416260e-01
4.413040876388549805e-01
-1.817824244499206543e-01
3.805254399776458740e-01
