-1.842265725135803223e-01
-1.731317937374114990e-01
3.243155404925346375e-02
4.065872132778167725e-01
7.584684342145919800e-02
2.771436870098114014e-01
-1.070030853152275085e-01
1.345066130161285400e-01
-1.297096610069274902e-01
1.967680305242538452e-01
5.297029018402099609e-01
3.249090313911437988e-01
-3.103940188884735107e-01
-3.952289521694183350e-01
-6.250024586915969849e-02
-1.004033014178276062e-01
-1.536959111690521240e-01
-2.977071404457092285e-01
3.786183893680572510e-01
-4.193053841590881348e-01
-2.033582702279090881e-02
3.950136601924896240e-01
2.726274728775024414e-01
-2.201054543256759644e-01
-2.821972370147705078e-01
1.411903053522109985e-01
4.465846121311187744e-01
8.931241184473037720e-02
6.551164984703063965e-01
-2.049505114555358887e-01
