4.094883203506469727e-01
3.404228985309600830e-01
9.138888120651245117e-02
-2.997846305370330811e-01
-6.720930337905883789e-02
-2.265129983425140381e-01
5.808099508285522461e-01
1.006725877523422241e-01
-5.396265387535095215e-01
-6.244140118360519409e-02
-1.739011704921722412e-01
4.576812982559204102e-01
-3.718482851982116699e-01
5.726441740989685059e-01
-1.815512478351593018e-01
2.727361619472503662e-01
-9.616406261920928955e-02
3.163928091526031494e-01
-4.803141355514526367e-01
-2.406056076288223267e-01
-3.366064131259918213e-01
-5.093461871147155762e-01
-5.636165738105773926e-01
-4.031469225883483887e-01
-2.936021685600280762e-01
2.523204088211059570e-01
3.211818635463714600e-01
3.344811499118804932e-01
-5.856889486312866211e-01
-5.638666749000549316e-01
