-7.649661898612976074e-01
3.883690237998962402e-01
-4.291920959949493408e-01
-4.617736935615539551e-01
4.281666576862335205e-01
-1.866959631443023682e-01
5.243966579437255859e-01
2.271950840950012207e-01
-3.221821188926696777e-01
3.930564522743225098e-01
7.759995460510253906e-01
-2.148437500000000000e-01
-4.049244895577430725e-02
-4.208714962005615234e-01
-1.505495458841323853e-01
-2.633154988288879395e-01
-4.706587195396423340e-01
5.035869479179382324e-01
-5.348553657531738281e-01
-4.497085213661193848e-01
1.769072860479354858e-01
6.939756274223327637e-01
-8.991869091987609863e-01
1.112520694732666016e+00
-5.972365736961364746e-01
-2.693849503993988037e-01
5.935050547122955322e-02
-3.569928407669067383e-01
5.065598487854003906e-01
3.379858434200286865e-01
