1.493556201457977295e-01
-5.655506253242492676e-01
4.190313220024108887e-01
-8.150100708007812500e-01
-7.455461621284484863e-01
-9.579930901527404785e-01
6.505983471870422363e-01
-1.159123107790946960e-01
-2.480375468730926514e-01
-6.300892680883407593e-02
3.099555075168609619e-01
5.387504696846008301e-01
8.359733819961547852e-01
3.282933533191680908e-01
-6.517888903617858887e-01
-1.997083425521850586e-01
7.279856204986572266e-01
-2.019792199134826660e-01
-4.578130841255187988e-01
8.909679949283599854e-03
-3.437602221965789795e-01
-8.006136417388916016e-01
6.828196644783020020e-01
2.189004123210906982e-01
6.904691457748413086e-01
-3.627495467662811279e-01
6.908018589019775391e-01
6.507110595703125000e-01
-2.564342617988586426e-01
3.750060200691223145e-01
