3.585668802261352539e-01
5.090224742889404297e-01
5.364938974380493164e-01
2.800222933292388916e-01
-4.493102729320526123e-01
6.846172809600830078e-01
-8.922209143638610840e-01
2.583223581314086914e-01
5.710226893424987793e-01
-1.807765802368521690e-03
-8.080849647521972656e-01
6.591079831123352051e-01
-5.362513065338134766e-01
-4.590244293212890625e-01
5.778291821479797363e-01
-5.877435207366943359e-01
-1.113446831703186035e+00
5.953349471092224121e-01
8.201454281806945801e-01
8.182208538055419922e-01
-8.810626268386840820e-01
7.470950484275817871e-01
-5.131546258926391602e-01
5.562124252319335938e-01
8.366864919662475586e-01
-7.893750816583633423e-02
-7.247477769851684570e-01
1.483002305030822754e+00
-6.717624664306640625e-01
-4.394595623016357422e-01
