-8.538789153099060059e-01
-6.480755805969238281e-01
1.080974459648132324e+00
5.275825858116149902e-01
-5.443425178527832031e-01
6.946085095405578613e-01
-7.491615414619445801e-01
2.352177500724792480e-01
-8.261009305715560913e-02
6.294394731521606445e-01
9.826626777648925781e-01
-8.285893797874450684e-01
8.881564140319824219e-01
1.907624453306198120e-01
-7.132331132888793945e-01
2.593998014926910400e-01
9.046289324760437012e-01
-7.658603191375732422e-01
-5.151129961013793945e-01
-2.839952409267425537e-01
-6.366535425186157227e-01
5.783708095550537109e-01
-1.067308306694030762e+00
-1.046998858451843262e+00
8.389266133308410645e-01
-2.232151627540588379e-01
5.609232187271118164e-01
-9.977844357490539551e-01
2.092934399843215942e-01
-7.845879197120666504e-01
