-5.345408916473388672e-01
-1.945654451847076416e-01
4.493379592895507812e-01
2.696109004318714142e-02
6.245675086975097656e-01
8.319277316331863403e-03
8.465578556060791016e-01
3.571394085884094238e-01
-1.043848276138305664e+00
-1.323848962783813477e-01
-5.312883257865905762e-01
9.147007465362548828e-01
-4.100761413574218750e-01
7.573743462562561035e-01
2.221836447715759277e-01
8.902209997177124023e-01
-2.386581450700759888e-01
4.173819720745086670e-01
1.511923074722290039e-01
3.427954614162445068e-01
-8.773236274719238281e-01
8.602436184883117676e-01
2.468996047973632812e-01
3.998416960239410400e-01
-4.197084903717041016e-01
-2.069876790046691895e-01
7.092552185058593750e-01
8.800457119941711426e-01
-6.113274693489074707e-01
6.711428761482238770e-01
