3.141674697399139404e-01
3.042672276496887207e-01
-5.368726849555969238e-01
-2.706769704818725586e-01
6.312664598226547241e-02
-1.198154985904693604e-01
-1.758800894021987915e-01
-1.117447763681411743e-01
-2.585435509681701660e-01
1.397521048784255981e-01
1.979703083634376526e-03
1.900890469551086426e-02
-1.486307829618453979e-01
2.171452939510345459e-01
-6.452168822288513184e-01
-1.479288041591644287e-01
1.024082675576210022e-02
5.016930103302001953e-01
-5.593566298484802246e-01
-2.993402183055877686e-01
5.353196859359741211e-01
4.981950819492340088e-01
-4.129041433334350586e-01
5.514821410179138184e-02
6.780713796615600586e-01
-4.559336006641387939e-01
4.073267281055450439e-01
2.850194275379180908e-01
7.347697019577026367e-02
-4.819385111331939697e-01
