4.151748716831207275e-01
2.912889420986175537e-01
-2.216336280107498169e-01
7.388241589069366455e-02
4.522361233830451965e-02
-1.084028556942939758e-01
-2.437850981950759888e-01
2.429491877555847168e-01
-3.807375207543373108e-02
-3.957379609346389771e-03
3.315102756023406982e-01
-2.824662327766418457e-01
2.341555804014205933e-01
9.602697193622589111e-02
-1.723271906375885010e-01
2.520168721675872803e-01
-2.770927548408508301e-01
2.428162284195423126e-02
2.197613194584846497e-02
1.181901991367340088e-01
1.669950634241104126e-01
-2.603846788406372070e-01
-9.880825877189636230e-02
1.557493954896926880e-02
-1.565824896097183228e-01
3.389865159988403320e-01
2.166521847248077393e-01
2.186438441276550293e-01
2.451499402523040771e-01
1.369496732950210571e-01
