-3.845629990100860596e-01
-4.782227426767349243e-02
-1.934097260236740112e-01
-5.123302936553955078e-01
8.437219262123107910e-01
-4.446040391921997070e-01
-1.263559907674789429e-01
1.888030022382736206e-01
1.409418433904647827e-01
-6.423954963684082031e-01
-1.802407056093215942e-01
-1.048614270985126495e-02
3.443034291267395020e-01
-1.320210564881563187e-02
2.608810663223266602e-01
2.095521539449691772e-01
3.763394057750701904e-02
4.126417934894561768e-01
-4.438546895980834961e-01
6.914976239204406738e-01
-2.458090633153915405e-01
3.274742364883422852e-01
-1.050269126892089844e+00
-3.869270682334899902e-01
2.274934947490692139e-01
-3.623742163181304932e-01
3.052279949188232422e-01
-8.384083956480026245e-02
1.548749953508377075e-01
-4.646474719047546387e-01
