6.491364836692810059e-01
8.188501000404357910e-01
5.167737007141113281e-01
3.945991396903991699e-01
5.727293491363525391e-01
-1.095322985202074051e-02
-3.190798461437225342e-01
6.250565648078918457e-01
4.411881268024444580e-01
2.357810921967029572e-02
-4.902275502681732178e-01
-2.111040949821472168e-01
-4.395967721939086914e-01
-2.140424912795424461e-04
8.361145108938217163e-02
5.067462921142578125e-01
4.769013449549674988e-02
3.646622002124786377e-01
3.732326030731201172e-01
-2.018321454524993896e-01
-5.233640223741531372e-02
-2.075519412755966187e-01
-2.589223384857177734e-01
5.092652440071105957e-01
3.438077569007873535e-01
-2.650422751903533936e-01
-3.092575669288635254e-01
5.869381427764892578e-01
4.014258980751037598e-01
-9.589599817991256714e-02
