5.589655786752700806e-02
-1.055406685918569565e-02
3.957241401076316833e-02
-3.282673656940460205e-02
-2.890801727771759033e-01
1.363572180271148682e-01
1.537040993571281433e-02
2.680025994777679443e-02
-5.164777860045433044e-02
6.541189551353454590e-02
4.061987996101379395e-02
9.934210777282714844e-02
1.144646704196929932e-01
6.930143386125564575e-02
2.048172950744628906e-01
-1.777073182165622711e-02
-2.649338543415069580e-02
-4.548507556319236755e-02
1.315838247537612915e-01
-1.009585782885551453e-01
-1.139262020587921143e-01
-1.150220483541488647e-01
1.705206930637359619e-01
-1.756597310304641724e-02
7.895032316446304321e-02
-5.669646710157394409e-02
-1.018355228006839752e-02
-4.367977008223533630e-02
-3.056117147207260132e-02
1.075183227658271790e-01
