-4.767418205738067627e-01
-3.239203691482543945e-01
-4.054528474807739258e-01
6.670882552862167358e-02
1.852864474058151245e-01
6.843612343072891235e-02
-6.856294870376586914e-01
1.173213943839073181e-01
-4.291160702705383301e-01
-5.057798624038696289e-01
-7.260594516992568970e-02
-4.200268685817718506e-01
-6.458204984664916992e-02
-2.265118807554244995e-01
-7.988181114196777344e-01
-6.836634278297424316e-01
-4.792808294296264648e-01
1.758243739604949951e-01
3.091676235198974609e-01
-4.067814946174621582e-01
3.436587154865264893e-01
3.730726242065429688e-01
-2.993961572647094727e-01
4.174663424491882324e-01
-4.792769253253936768e-01
-3.645212054252624512e-01
-1.664468944072723389e-01
-4.095777273178100586e-01
-1.629021763801574707e-01
-1.524180918931961060e-01
