-8.320999741554260254e-01
-6.723639965057373047e-01
-3.084248602390289307e-01
-6.794659495353698730e-01
1.739318296313285828e-02
-5.631597042083740234e-01
1.799473166465759277e-01
-5.043229460716247559e-01
-7.748652100563049316e-01
-3.071735501289367676e-01
6.270434856414794922e-01
5.126561522483825684e-01
7.422742247581481934e-01
-7.629474252462387085e-02
1.242076873779296875e+00
-2.064300775527954102e-01
9.875839203596115112e-02
-7.288603186607360840e-01
5.872174501419067383e-01
-4.650222063064575195e-01
6.807946562767028809e-01
1.084125638008117676e+00
6.566677093505859375e-01
-6.273434162139892578e-01
-9.265954047441482544e-02
6.065574288368225098e-01
-3.605669736862182617e-01
-2.680450081825256348e-01
-2.586652636528015137e-01
1.572299003601074219e-01
