-5.280087888240814209e-02
-5.856829285621643066e-01
2.817269861698150635e-01
3.094654381275177002e-01
1.685904860496520996e-01
-1.934657096862792969e-01
8.124679327011108398e-02
3.015342950820922852e-01
4.041226506233215332e-01
-3.146636486053466797e-01
-2.709376215934753418e-01
-3.947532773017883301e-01
1.482587903738021851e-01
-1.475117504596710205e-01
-5.618169903755187988e-01
-2.636947631835937500e-01
-4.927190542221069336e-01
-2.635598480701446533e-01
-5.444955229759216309e-01
-2.264794707298278809e-01
5.469248890876770020e-01
1.698870398104190826e-02
4.345046356320381165e-02
4.153382480144500732e-01
4.628886654973030090e-02
-7.735682278871536255e-02
-4.758750498294830322e-01
-4.650400578975677490e-01
4.212971627712249756e-01
-2.525816261768341064e-01
