5.081102848052978516e-01
8.001469969749450684e-01
4.128270447254180908e-01
5.747516751289367676e-01
-1.127881929278373718e-01
-8.843954205513000488e-01
-1.989416331052780151e-01
-8.765937089920043945e-01
-3.171673119068145752e-01
6.573646068572998047e-01
4.560776054859161377e-01
3.419362902641296387e-01
3.623127639293670654e-01
-8.774302601814270020e-01
-1.142279863357543945e+00
-6.442448496818542480e-01
4.460852146148681641e-01
6.365507245063781738e-01
3.579769432544708252e-01
-4.894272685050964355e-01
-6.760297417640686035e-01
1.567678302526473999e-01
8.625961542129516602e-01
-5.786921977996826172e-01
-1.938731819391250610e-01
6.072317957878112793e-01
4.826100468635559082e-01
5.289480090141296387e-01
3.113264143466949463e-01
-6.324583292007446289e-01
