-3.188962638378143311e-01
3.569979965686798096e-01
7.480136752128601074e-01
-4.328829050064086914e-01
1.093971133232116699e-01
-1.285036802291870117e-01
2.909477055072784424e-01
2.977279126644134521e-01
2.745430767536163330e-01
-6.270691007375717163e-02
2.602811753749847412e-01
-5.443923473358154297e-01
8.018389344215393066e-02
1.842799186706542969e-01
-2.646469175815582275e-01
-4.344206154346466064e-01
-4.630229175090789795e-01
1.709212362766265869e-01
1.916948109865188599e-01
-2.540452182292938232e-01
2.063609659671783447e-01
4.043264687061309814e-01
3.337316811084747314e-01
-3.470728406682610512e-03
3.165396749973297119e-01
-2.764025032520294189e-01
-2.089583575725555420e-01
-5.063627362251281738e-01
2.562294006347656250e-01
3.166704177856445312e-01
