7.003986835479736328e-01
-2.737302780151367188e-01
1.063637286424636841e-01
-2.601008713245391846e-01
3.400361239910125732e-01
6.204055547714233398e-01
1.745640039443969727e-01
-4.324567914009094238e-01
-1.958253532648086548e-01
1.961882412433624268e-02
2.969238907098770142e-02
-2.030207663774490356e-01
4.289051517844200134e-02
3.198415935039520264e-01
-1.303642839193344116e-01
1.911084055900573730e-01
-4.163393676280975342e-01
-2.978609800338745117e-01
1.127206608653068542e-01
-4.368586838245391846e-01
-1.016150265932083130e-01
3.789440393447875977e-01
4.485237598419189453e-01
5.173882842063903809e-01
4.290452897548675537e-01
-1.271367967128753662e-01
-9.442465007305145264e-02
-4.712876677513122559e-02
2.675541639328002930e-01
-1.780022978782653809e-01
