3.284500241279602051e-01
-1.801649332046508789e-01
-4.778643846511840820e-01
-3.541839122772216797e-01
2.467856854200363159e-01
5.571389794349670410e-01
2.302903383970260620e-01
-5.264462828636169434e-01
1.090968012809753418e+00
-2.072209715843200684e-01
1.445660293102264404e-01
3.292221128940582275e-01
-6.938002109527587891e-01
8.806443214416503906e-01
1.998235136270523071e-01
2.895115315914154053e-01
4.616048336029052734e-01
9.659836292266845703e-01
-3.458763062953948975e-01
2.122038453817367554e-01
-5.863239169120788574e-01
-1.210977658629417419e-01
5.802374482154846191e-01
6.727747321128845215e-01
-4.345498681068420410e-01
-1.558413356542587280e-01
-4.849370718002319336e-01
5.897668004035949707e-01
3.429107964038848877e-01
8.445709347724914551e-01
