-9.985855221748352051e-01
-1.877353340387344360e-01
-8.328863233327865601e-02
2.901240289211273193e-01
-4.542895555496215820e-01
5.873149633407592773e-01
7.823110818862915039e-01
2.748966515064239502e-01
-9.573673456907272339e-02
-1.844401210546493530e-01
2.871473431587219238e-01
-6.981942057609558105e-02
-8.614314794540405273e-01
-1.029514893889427185e-02
1.013654589653015137e+00
-1.519223898649215698e-01
-5.681083798408508301e-01
3.309165239334106445e-01
3.894776403903961182e-01
-4.308899343013763428e-01
4.731820225715637207e-01
3.876200616359710693e-01
9.219809770584106445e-01
7.413842082023620605e-01
-3.301398754119873047e-01
-5.886956453323364258e-01
8.022860437631607056e-02
3.409964442253112793e-01
6.447826623916625977e-01
6.999805569648742676e-01
