-5.579413771629333496e-01
-5.595010519027709961e-01
-4.484678208827972412e-01
-4.221695363521575928e-01
-5.307943224906921387e-01
-2.717423997819423676e-02
8.716977834701538086e-01
5.896599292755126953e-01
6.191120743751525879e-01
-3.001572191715240479e-01
6.667343378067016602e-01
7.238414883613586426e-01
5.900486111640930176e-01
1.456417560577392578e+00
-3.473686873912811279e-01
-3.300610482692718506e-01
-5.516367554664611816e-01
-3.511537909507751465e-01
-3.007608652114868164e-01
4.072355926036834717e-01
1.706083267927169800e-01
1.328261643648147583e-01
6.322179436683654785e-01
2.626367211341857910e-01
-2.024812549352645874e-01
3.431587666273117065e-02
-7.730991244316101074e-01
3.384719192981719971e-01
-6.233084201812744141e-01
-1.159250497817993164e+00
