4.031399190425872803e-01
4.571081995964050293e-01
-6.852000355720520020e-01
4.557214677333831787e-01
-7.763063907623291016e-01
-2.652821540832519531e-01
1.057170748710632324e+00
-1.633025169372558594e+00
-6.687775254249572754e-01
-7.415428757667541504e-01
-2.196454852819442749e-01
4.403148293495178223e-01
4.700251817703247070e-01
9.240388274192810059e-01
-2.313501238822937012e-01
-8.505197167396545410e-01
1.293062567710876465e-01
5.019275546073913574e-01
7.901556491851806641e-01
-3.433713614940643311e-01
-8.187438249588012695e-01
-5.320343971252441406e-01
-6.214647293090820312e-01
2.042230665683746338e-01
-6.642161607742309570e-01
-4.696165025234222412e-01
-6.401447057723999023e-01
5.379715561866760254e-01
-6.253307461738586426e-01
-8.235498070716857910e-01
