4.103175997734069824e-01
-4.343937933444976807e-01
-6.112166047096252441e-01
5.278062820434570312e-01
-5.331911444664001465e-01
5.311781167984008789e-01
1.047919273376464844e+00
-1.130040168762207031e+00
4.566426873207092285e-01
5.735642313957214355e-01
-7.027560472488403320e-01
7.122133374214172363e-01
-7.384256124496459961e-01
5.921730995178222656e-01
7.572824358940124512e-01
-8.550114929676055908e-02
-4.238705933094024658e-01
2.343200892210006714e-01
1.384676694869995117e-01
6.043767333030700684e-01
-8.171362280845642090e-01
9.415512681007385254e-01
6.103416681289672852e-01
-3.395871818065643311e-01
9.220069646835327148e-01
-1.489139914512634277e+00
-1.689860224723815918e-01
9.270921945571899414e-01
-6.669889688491821289e-01
-5.216718316078186035e-01
