-9.191574901342391968e-02
-5.003852397203445435e-02
-1.824961602687835693e-02
-1.089881174266338348e-02
-1.043748483061790466e-01
-1.622212491929531097e-02
-2.682352252304553986e-02
-1.309770792722702026e-01
-2.535022795200347900e-01
-7.479565218091011047e-03
-1.512685697525739670e-02
-1.914558410644531250e-01
-2.203341759741306305e-02
5.203950777649879456e-02
5.063845962285995483e-02
-2.312380969524383545e-01
1.111072823405265808e-01
-1.874194592237472534e-01
-5.001653358340263367e-02
7.390365004539489746e-02
-1.126880049705505371e-01
1.290694177150726318e-01
9.830436855554580688e-02
2.287706583738327026e-01
-3.925592079758644104e-02
-6.894828379154205322e-02
4.749030806124210358e-03
4.208545759320259094e-02
1.698830164968967438e-02
4.923525452613830566e-02
