-4.400526285171508789e-01
1.391324102878570557e-01
2.726613879203796387e-01
2.258381843566894531e-01
-3.666091561317443848e-01
-4.642943143844604492e-01
-4.112568795680999756e-01
5.519531965255737305e-01
1.769912689924240112e-01
6.341596245765686035e-01
1.651352457702159882e-02
1.216818578541278839e-02
2.204551249742507935e-01
-3.734691739082336426e-01
-1.753662228584289551e-01
-2.189564108848571777e-01
4.359135925769805908e-01
-1.328992843627929688e-01
3.405042886734008789e-01
-4.878609180450439453e-01
-5.161613225936889648e-01
5.054767727851867676e-01
2.698194384574890137e-01
2.375265359878540039e-01
5.801577568054199219e-01
-2.850966155529022217e-01
2.074763178825378418e-01
3.067513108253479004e-01
-2.520512640476226807e-01
-1.869742423295974731e-01
