1.632333397865295410e-01
4.519092142581939697e-01
3.264133930206298828e-01
-1.955301463603973389e-01
1.691927164793014526e-01
-4.191660583019256592e-01
-5.303790569305419922e-01
2.987560927867889404e-01
9.875738061964511871e-03
-9.128178656101226807e-02
-4.310060739517211914e-01
-7.366119325160980225e-02
1.328847743570804596e-02
-2.928250432014465332e-01
6.638670563697814941e-01
-1.793363690376281738e-01
-1.695490032434463501e-01
-5.003134608268737793e-01
-2.916069924831390381e-01
-2.984282374382019043e-01
4.587579071521759033e-01
2.882468514144420624e-02
-5.825420618057250977e-01
4.600778222084045410e-01
2.945098876953125000e-01
2.257756516337394714e-02
8.218689821660518646e-03
7.510107010602951050e-02
-6.592499017715454102e-01
1.857194155454635620e-01
