-5.822353959083557129e-01
5.288438200950622559e-01
3.379078209400177002e-01
6.323564052581787109e-01
-3.285861611366271973e-01
-3.156650066375732422e-01
5.036904215812683105e-01
3.144316375255584717e-01
3.458367288112640381e-01
2.952963709831237793e-01
6.207130551338195801e-01
-3.595061898231506348e-01
-4.756809473037719727e-01
-4.694784581661224365e-01
-7.674282044172286987e-02
1.158574596047401428e-01
-2.234093099832534790e-02
3.987867236137390137e-01
5.790957808494567871e-01
1.152444109320640564e-01
-2.702393233776092529e-01
-7.027457654476165771e-02
-2.240528315305709839e-01
-4.635345041751861572e-01
-4.205592274665832520e-01
-2.231945097446441650e-01
-2.931870706379413605e-02
5.868940353393554688e-01
1.301179826259613037e-01
-4.426782950758934021e-02
