-1.583333611488342285e-01
2.414278984069824219e-01
4.440997168421745300e-02
2.940403521060943604e-01
3.186641633510589600e-01
3.781436085700988770e-01
-9.578592330217361450e-02
-3.278691768646240234e-01
-5.505111068487167358e-02
-4.610902816057205200e-02
-8.315212279558181763e-02
4.449665546417236328e-01
1.301554888486862183e-01
-4.441671669483184814e-01
3.666671812534332275e-01
-6.596285104751586914e-02
-2.123117893934249878e-01
3.422169089317321777e-01
-2.080295234918594360e-01
-1.953040510416030884e-01
-4.100712537765502930e-01
2.397879064083099365e-01
2.899659872055053711e-01
-3.114710748195648193e-01
-1.153603568673133850e-01
-3.954172432422637939e-01
4.504232406616210938e-01
-3.164756298065185547e-01
-4.469740763306617737e-02
4.551243484020233154e-01
