-3.784344792366027832e-01
1.449189931154251099e-01
5.262588262557983398e-01
-3.139712810516357422e-01
7.336671948432922363e-01
6.280228495597839355e-01
-1.311294436454772949e-01
-5.978509783744812012e-01
1.068826317787170410e+00
3.016175031661987305e-01
-6.451803445816040039e-01
-1.836028248071670532e-01
-4.739341735839843750e-01
-6.851225495338439941e-01
7.008904218673706055e-01
5.791895389556884766e-01
1.467492133378982544e-01
-5.173652172088623047e-01
5.334662795066833496e-01
-5.373037457466125488e-01
1.019858717918395996e-01
-5.381324291229248047e-01
7.730808258056640625e-01
6.123507395386695862e-03
2.958291172981262207e-01
-2.746248543262481689e-01
1.422214359045028687e-01
-4.270260930061340332e-01
-4.738121926784515381e-01
-1.009987711906433105e+00
