-4.457466006278991699e-01
-8.445480465888977051e-02
-4.914263486862182617e-01
-4.725727438926696777e-01
7.661302387714385986e-02
5.198361873626708984e-01
-4.691566228866577148e-01
-4.515359103679656982e-01
8.285638689994812012e-02
3.078771829605102539e-01
-5.157189369201660156e-01
3.478497266769409180e-01
-2.838435173034667969e-01
-4.969909787178039551e-01
3.061949014663696289e-01
3.763280212879180908e-01
4.129666090011596680e-01
-1.208805367350578308e-01
4.130558669567108154e-01
5.223415493965148926e-01
2.205377221107482910e-01
3.840334713459014893e-01
-3.430324196815490723e-01
1.374380886554718018e-01
-2.925582528114318848e-01
4.425936639308929443e-01
6.669188141822814941e-01
-1.124093309044837952e-01
-2.128063589334487915e-01
4.262835979461669922e-01
