-3.216307461261749268e-01
4.302606582641601562e-01
1.028627008199691772e-01
2.165631651878356934e-01
2.364415973424911499e-01
6.482889056205749512e-01
-3.203615844249725342e-01
-2.017871439456939697e-01
4.678677022457122803e-01
-3.303481638431549072e-01
2.555989921092987061e-01
-5.921446084976196289e-01
-1.053881924599409103e-02
1.361676752567291260e-01
-8.256494253873825073e-02
-3.780975341796875000e-01
6.122504472732543945e-01
3.405952155590057373e-01
-2.305959165096282959e-01
7.717926502227783203e-01
5.189589262008666992e-01
1.124581396579742432e-01
-3.505714535713195801e-01
2.561942934989929199e-01
1.831173300743103027e-01
1.664783358573913574e-01
6.743810772895812988e-01
-4.922309219837188721e-01
4.867942035198211670e-01
-2.539093494415283203e-01
