-1.603091210126876831e-01
1.793464869260787964e-01
-1.498172432184219360e-01
1.722417771816253662e-01
-2.949912846088409424e-01
2.185296416282653809e-01
-1.077602133154869080e-01
-1.729732751846313477e-01
-3.117403388023376465e-01
1.561480015516281128e-01
2.087989635765552521e-02
1.394120603799819946e-01
3.597789704799652100e-01
-2.127506881952285767e-01
4.018670618534088135e-01
3.077977895736694336e-01
-4.370288550853729248e-02
-2.469459141138941050e-04
-4.331192672252655029e-01
-4.518332332372665405e-02
4.123971462249755859e-01
-1.807293891906738281e-01
-9.773033112287521362e-02
2.363996952772140503e-02
3.238968551158905029e-01
-1.597239822149276733e-01
-1.897685080766677856e-01
-1.061333715915679932e-01
-1.383215039968490601e-01
1.432259976863861084e-01
