9.409257769584655762e-01
1.453747302293777466e-01
6.036978960037231445e-01
5.447554588317871094e-01
9.757376313209533691e-01
5.395235419273376465e-01
-1.073489904403686523e+00
7.944938540458679199e-01
1.976710110902786255e-01
2.008669972419738770e-01
5.598477125167846680e-01
5.468199849128723145e-01
3.414648771286010742e-01
6.019778847694396973e-01
-3.543058335781097412e-01
1.790521591901779175e-01
-3.867302238941192627e-01
7.017337679862976074e-01
-2.395489066839218140e-01
6.872972846031188965e-01
-5.992289781570434570e-01
-7.128911614418029785e-01
-6.380167603492736816e-01
-4.677043855190277100e-01
-7.799579948186874390e-02
1.002568006515502930e+00
-1.293048977851867676e+00
-1.086771726608276367e+00
-8.250060677528381348e-02
-6.689893603324890137e-01
