-4.310522973537445068e-01
-7.090228796005249023e-01
3.313599526882171631e-01
2.607529759407043457e-01
-2.889091968536376953e-01
-1.246062740683555603e-01
2.675383687019348145e-01
-6.725666522979736328e-01
-3.321016728878021240e-01
1.073863580822944641e-01
-6.374483108520507812e-01
9.354983270168304443e-02
-4.032727181911468506e-01
-7.913694977760314941e-01
-9.206996113061904907e-02
6.475428938865661621e-01
-1.154594793915748596e-01
-1.079895019531250000e+00
-3.081242144107818604e-01
-6.766774654388427734e-01
-3.624615967273712158e-01
-8.904454708099365234e-01
-1.868721842765808105e-01
3.762421756982803345e-02
-4.318896681070327759e-02
4.356284737586975098e-01
-5.016769170761108398e-01
1.029286503791809082e+00
8.031970262527465820e-01
-3.210958540439605713e-01
