4.931324124336242676e-01
6.882547140121459961e-01
-8.613669872283935547e-01
3.002574443817138672e-01
9.023397564888000488e-01
-3.831437975168228149e-02
-5.741428732872009277e-01
1.286426901817321777e+00
-4.950950741767883301e-01
7.856224179267883301e-01
8.996205329895019531e-01
7.512370347976684570e-01
9.166700243949890137e-01
-4.359275102615356445e-01
2.349727228283882141e-02
1.002364993095397949e+00
-4.573505520820617676e-01
3.019314110279083252e-01
7.803445458412170410e-01
-9.819349646568298340e-01
4.336368441581726074e-01
-1.310221701860427856e-01
2.486072927713394165e-01
4.333610236644744873e-01
1.019471764564514160e+00
-7.164195775985717773e-01
-8.758101463317871094e-01
2.032936066389083862e-01
5.249059796333312988e-01
6.771641373634338379e-01
