1.200162291526794434e+00
7.154265791177749634e-02
2.601546049118041992e-01
-6.163306236267089844e-01
5.515772700309753418e-01
4.168151617050170898e-01
4.532669186592102051e-01
-7.880955338478088379e-01
6.452991962432861328e-01
7.724716663360595703e-01
7.133305072784423828e-01
-1.143918514251708984e+00
4.236925244331359863e-01
-8.135577291250228882e-02
6.795182228088378906e-01
9.443556070327758789e-01
-4.588737487792968750e-01
4.801265597343444824e-01
2.164533585309982300e-01
-4.450929760932922363e-01
3.059783875942230225e-01
-6.168860793113708496e-01
-7.039197683334350586e-01
4.074923396110534668e-01
2.266185730695724487e-01
1.044098019599914551e+00
-7.580963373184204102e-01
2.501934468746185303e-01
-8.367772102355957031e-01
-1.560065895318984985e-01
