-4.826050698757171631e-01
4.577883481979370117e-01
8.233876824378967285e-01
-4.729115962982177734e-01
-4.735010862350463867e-01
3.870445117354393005e-02
3.415836691856384277e-01
-4.582446813583374023e-01
6.766169071197509766e-01
3.019968271255493164e-01
-3.816510736942291260e-01
5.750899389386177063e-02
-5.248079895973205566e-01
-4.883131012320518494e-03
-5.422363430261611938e-02
-1.923907361924648285e-02
8.742411434650421143e-02
-3.256784379482269287e-01
-9.417346864938735962e-02
-3.395624160766601562e-01
-4.200967848300933838e-01
-7.734996080398559570e-01
1.959097385406494141e-02
4.742319881916046143e-01
-6.404105424880981445e-01
-2.685538232326507568e-01
-5.072649121284484863e-01
3.796900808811187744e-01
1.393907964229583740e-01
-5.100263357162475586e-01
