-5.860422849655151367e-01
-4.427171051502227783e-01
7.485032081604003906e-01
4.370715022087097168e-01
9.274736046791076660e-01
5.337762832641601562e-01
9.020434021949768066e-01
-2.118444591760635376e-01
-8.177440762519836426e-01
5.100071430206298828e-01
3.225085437297821045e-01
1.032476305961608887e+00
6.097484827041625977e-01
-8.361715078353881836e-01
3.602552041411399841e-02
-2.381927520036697388e-01
7.607576847076416016e-01
-4.621324837207794189e-01
5.770342350006103516e-01
-4.058902859687805176e-01
9.813380986452102661e-02
1.034880355000495911e-01
7.727407813072204590e-01
3.764803707599639893e-01
-1.302831292152404785e+00
-2.654153108596801758e-01
-2.247232943773269653e-01
3.277501165866851807e-01
-1.419011056423187256e-01
3.872071802616119385e-01
