-4.290138185024261475e-01
8.321779966354370117e-02
1.516271978616714478e-01
-2.731501162052154541e-01
-1.148392930626869202e-01
-4.163487553596496582e-01
-4.515798091888427734e-01
1.510075759142637253e-03
1.179647371172904968e-01
3.374195992946624756e-01
9.208953008055686951e-03
4.700311720371246338e-01
-2.111473232507705688e-01
3.015256524085998535e-01
-1.869945228099822998e-02
-3.503156006336212158e-01
-5.309839248657226562e-01
-4.478213191032409668e-02
1.131871789693832397e-01
-3.692075014114379883e-01
2.629791498184204102e-01
-3.886101543903350830e-01
4.096791446208953857e-01
2.578160762786865234e-01
4.151926934719085693e-01
-4.175564050674438477e-01
-2.432366758584976196e-01
3.193177878856658936e-01
1.698064208030700684e-01
-6.495238542556762695e-01
