2.868458330631256104e-01
1.097638383507728577e-01
1.784481257200241089e-01
2.484193295240402222e-01
-1.046972256153821945e-02
6.849418580532073975e-02
3.054476678371429443e-01
1.566075384616851807e-01
-5.496331676840782166e-02
1.001930311322212219e-01
9.561729431152343750e-02
-1.545778363943099976e-01
-1.260092109441757202e-01
3.001534342765808105e-01
-5.071330070495605469e-02
-1.585785299539566040e-01
-1.107110947486944497e-04
-1.915646344423294067e-01
-2.251209020614624023e-01
1.283210217952728271e-01
-2.516564726829528809e-01
2.965149581432342529e-01
-1.516921669244766235e-01
3.185611069202423096e-01
5.018721148371696472e-02
3.700681328773498535e-01
1.352543383836746216e-01
-1.075001433491706848e-02
2.028813511133193970e-01
-6.996610760688781738e-02
