1.642718762159347534e-01
2.335117757320404053e-01
1.073430627584457397e-01
8.121620863676071167e-03
1.184425652027130127e-01
1.492692828178405762e-01
-2.609556354582309723e-02
-1.630589365959167480e-02
-1.588587909936904907e-01
4.554085135459899902e-01
1.527530997991561890e-01
1.947746239602565765e-02
1.878763735294342041e-01
-4.900257661938667297e-02
-2.536566555500030518e-01
7.100414484739303589e-02
2.333536148071289062e-01
2.187717854976654053e-01
-9.731888025999069214e-02
2.679089009761810303e-01
-7.606813311576843262e-02
-1.234932616353034973e-01
8.047452569007873535e-02
2.012106776237487793e-01
2.164786495268344879e-02
-1.312346160411834717e-01
-5.987012013792991638e-02
1.056021675467491150e-01
5.613481625914573669e-03
9.013316035270690918e-02
