-2.561429142951965332e-01
1.429300457239151001e-01
2.734065614640712738e-02
4.143045097589492798e-02
-3.057175576686859131e-01
-1.153986826539039612e-01
5.637283250689506531e-02
6.364569067955017090e-02
7.299963384866714478e-02
-4.513439163565635681e-02
-3.209391534328460693e-01
1.073972806334495544e-01
1.989303082227706909e-01
1.733773350715637207e-01
-2.917946875095367432e-02
-2.589322328567504883e-01
-8.943407982587814331e-02
-1.263694763183593750e-01
1.054327487945556641e-01
5.207942798733711243e-02
2.202771604061126709e-02
7.183789461851119995e-02
-3.416524529457092285e-01
1.202438324689865112e-01
3.203615546226501465e-01
-1.614099293947219849e-01
-1.574157774448394775e-01
-1.610794812440872192e-01
2.480155415832996368e-02
6.687758490443229675e-03
