1.208740994334220886e-01
1.000869989395141602e+00
-8.879514932632446289e-01
5.062415599822998047e-01
2.698340713977813721e-01
-8.633821606636047363e-01
4.953254759311676025e-02
-8.432340025901794434e-01
-5.161163806915283203e-01
7.178865373134613037e-02
7.954476028680801392e-02
-2.453817129135131836e-01
-2.631089091300964355e-01
-1.442949324846267700e-01
-1.019125282764434814e-01
-5.706674456596374512e-01
1.143033578991889954e-01
-2.902199029922485352e-01
-6.203245744109153748e-02
6.769792437553405762e-01
1.246833682060241699e+00
7.292752265930175781e-01
8.061575293540954590e-01
4.244040250778198242e-01
-2.662630379199981689e-02
1.930645555257797241e-01
-2.889150977134704590e-01
-9.141333103179931641e-01
-7.232813239097595215e-01
-3.500271141529083252e-01
