4.374791383743286133e-01
-6.595221757888793945e-01
-5.579662919044494629e-01
2.607333064079284668e-01
2.930778264999389648e-01
3.665823638439178467e-01
1.129601374268531799e-01
3.717172145843505859e-01
1.291783177293837070e-03
1.630398929119110107e-01
4.717473685741424561e-01
6.027635186910629272e-02
1.349415183067321777e+00
4.994069337844848633e-01
1.233391642570495605e+00
9.201654791831970215e-02
-8.052062988281250000e-02
-2.261595577001571655e-01
-2.758924365043640137e-01
3.314242660999298096e-01
1.699924319982528687e-01
-3.990145027637481689e-01
3.684290125966072083e-02
2.252730876207351685e-01
-8.780127763748168945e-02
-5.395185947418212891e-01
-4.429737925529479980e-01
-9.823296219110488892e-02
6.631172895431518555e-01
9.094910621643066406e-01
