-2.014602273702621460e-01
-4.982993006706237793e-01
-3.304853439331054688e-01
-2.090173661708831787e-01
-6.586220860481262207e-02
9.449462592601776123e-02
1.901614218950271606e-01
5.709467530250549316e-01
4.289684817194938660e-03
-2.586852908134460449e-01
-1.095571145415306091e-01
3.619740530848503113e-02
2.111750543117523193e-01
6.020104885101318359e-01
-2.733636200428009033e-01
2.155433148145675659e-01
2.231856882572174072e-01
-2.768561244010925293e-01
2.311213314533233643e-01
-8.840125799179077148e-02
-1.144730206578969955e-02
-3.876938521862030029e-01
-3.284651041030883789e-01
-3.091045618057250977e-01
-2.477097660303115845e-01
-2.331345528364181519e-01
6.795642375946044922e-01
-3.808850347995758057e-01
3.318293094635009766e-01
2.882261276245117188e-01
