-2.944445908069610596e-01
-3.015145473182201385e-02
1.979181319475173950e-01
1.421198397874832153e-01
-4.907903820276260376e-02
6.753588467836380005e-02
2.112975567579269409e-01
-2.580005116760730743e-02
4.792778939008712769e-02
9.196151793003082275e-02
-2.461116015911102295e-02
-1.755270641297101974e-03
1.375137716531753540e-01
5.796808749437332153e-03
7.277060300111770630e-02
9.773386269807815552e-02
-1.487720459699630737e-01
1.869466900825500488e-01
3.586390614509582520e-02
-2.163137197494506836e-01
-9.303184598684310913e-02
-1.243278533220291138e-01
1.879719495773315430e-01
1.214774996042251587e-01
-1.488200202584266663e-02
-6.182819977402687073e-02
1.743597537279129028e-01
3.059236407279968262e-01
-6.065211258828639984e-03
-1.888155341148376465e-01
