9.518070816993713379e-01
1.824035197496414185e-01
2.440505102276802063e-02
-4.725265502929687500e-01
-3.608031570911407471e-01
-1.194697260856628418e+00
5.157999396324157715e-01
-7.871379852294921875e-01
4.638237655162811279e-01
3.119342029094696045e-01
-4.602099955081939697e-01
-9.121832996606826782e-02
5.653038620948791504e-01
-9.859726428985595703e-01
-7.974175810813903809e-01
-1.043597701936960220e-02
-6.237636804580688477e-01
-4.983693659305572510e-01
-8.259590268135070801e-01
-6.090319156646728516e-01
-4.926176071166992188e-01
3.182256817817687988e-01
-6.295879483222961426e-01
-9.953877329826354980e-01
-1.022725462913513184e+00
-5.874090194702148438e-01
1.137444600462913513e-01
-5.756681412458419800e-02
9.062045216560363770e-01
-6.533097028732299805e-01
