-1.034772992134094238e+00
7.039902210235595703e-01
-7.580194622278213501e-02
-1.002745032310485840e+00
8.930798172950744629e-01
3.806909620761871338e-01
8.053575158119201660e-01
-3.490262925624847412e-01
-5.489380359649658203e-01
-7.623979449272155762e-01
1.054441571235656738e+00
-7.131379842758178711e-01
1.037304401397705078e+00
2.979843020439147949e-01
8.728609681129455566e-01
9.278118610382080078e-01
4.064247608184814453e-01
4.634324014186859131e-01
8.300325274467468262e-01
7.390894293785095215e-01
-1.217982023954391479e-01
1.081927299499511719e+00
8.607073426246643066e-01
-1.139683127403259277e+00
8.466399908065795898e-01
-2.442668378353118896e-01
-1.897439509630203247e-01
-6.323375701904296875e-01
4.727149605751037598e-01
-1.387278437614440918e-01
