-6.222254782915115356e-02
-8.982856869697570801e-01
3.820548653602600098e-01
-4.069169759750366211e-01
-4.947614669799804688e-02
1.157491877675056458e-01
-3.776257336139678955e-01
5.560986995697021484e-01
-2.657774984836578369e-01
-6.636538356542587280e-02
-1.748920679092407227e-01
1.700284332036972046e-01
4.017574191093444824e-01
4.005129337310791016e-01
2.329709976911544800e-01
2.202278524637222290e-01
1.372251361608505249e-01
-4.372940585017204285e-02
-4.509760141372680664e-01
8.430770039558410645e-01
-3.173476457595825195e-01
4.921330213546752930e-01
-5.786398053169250488e-01
6.430367231369018555e-01
-8.070660382509231567e-02
-4.496908485889434814e-01
5.240766406059265137e-01
-8.549321889877319336e-01
-4.017485082149505615e-01
-2.994716167449951172e-01
