1.580013930797576904e-01
-3.694577515125274658e-01
5.356274247169494629e-01
1.836053282022476196e-01
1.270373165607452393e-01
1.327792853116989136e-01
2.056751698255538940e-01
-9.637197852134704590e-02
1.087806522846221924e-01
-8.920653164386749268e-02
-5.204565450549125671e-02
-4.022647142410278320e-01
3.774535357952117920e-01
-1.851977556943893433e-01
-4.156763851642608643e-01
-2.199135273694992065e-01
-2.979564964771270752e-01
-2.650895118713378906e-01
-2.431985139846801758e-01
1.614310145378112793e-01
1.030827686190605164e-01
3.421099185943603516e-01
1.883989721536636353e-01
1.050131991505622864e-01
-1.177816614508628845e-01
-1.861565560102462769e-01
3.034234605729579926e-02
-2.117516398429870605e-01
3.992792367935180664e-01
6.962054967880249023e-02
