2.045860439538955688e-01
7.042795419692993164e-02
-2.491910904645919800e-01
8.458776772022247314e-02
2.861667573451995850e-01
9.038711786270141602e-01
2.755322307348251343e-02
-3.548566624522209167e-02
3.865937888622283936e-01
-1.671707928180694580e-01
2.843106389045715332e-01
1.166555404663085938e+00
-6.336361914873123169e-02
-6.394718289375305176e-01
2.199966311454772949e-01
7.925689816474914551e-01
-3.152316212654113770e-01
3.235933184623718262e-01
-1.839281320571899414e-01
3.048993051052093506e-01
-2.694753110408782959e-01
3.082648217678070068e-01
5.410869419574737549e-02
4.850312471389770508e-01
1.365281734615564346e-02
-2.230826318264007568e-01
1.989229321479797363e-01
-6.240725889801979065e-02
3.155433759093284607e-02
5.383122563362121582e-01
