-5.366304516792297363e-01
-4.113404750823974609e-01
2.681697309017181396e-01
2.894072532653808594e-01
7.965607643127441406e-01
-6.370416879653930664e-01
3.694193661212921143e-01
-1.151128053665161133e+00
-1.049719080328941345e-01
1.485667526721954346e-01
-2.705022692680358887e-01
8.011062741279602051e-01
5.603694915771484375e-01
7.345261573791503906e-01
-6.465464830398559570e-02
-4.412097632884979248e-01
5.283117294311523438e-02
-3.914808332920074463e-01
4.394324123859405518e-01
1.469008922576904297e-01
1.483490616083145142e-01
-4.613551795482635498e-01
3.894631862640380859e-01
3.035114705562591553e-01
-2.851963974535465240e-02
7.492353916168212891e-01
-2.981217503547668457e-01
-1.000926971435546875e+00
4.197093099355697632e-02
1.012417912483215332e+00
