4.589134156703948975e-01
-3.102777600288391113e-01
4.100277721881866455e-01
-1.293631792068481445e-01
-4.696342349052429199e-01
5.769494175910949707e-01
-4.556248188018798828e-01
2.866879701614379883e-01
3.609024286270141602e-01
2.167411595582962036e-01
-3.015998303890228271e-01
5.932095050811767578e-01
-1.424398124217987061e-01
-8.393717557191848755e-02
8.586787581443786621e-01
-3.628495335578918457e-01
-1.940833926200866699e-01
9.097472429275512695e-01
5.534151196479797363e-01
-1.026588529348373413e-01
-7.259192466735839844e-01
6.046119928359985352e-01
6.540968269109725952e-02
-7.075155377388000488e-01
-3.241811394691467285e-01
-1.091831684112548828e+00
-6.766932606697082520e-01
7.911922335624694824e-01
3.789408206939697266e-01
-3.402016162872314453e-01
