-9.535370469093322754e-01
-2.692720890045166016e-01
-4.185515344142913818e-01
-7.660763263702392578e-01
3.333984613418579102e-01
-1.036409139633178711e+00
7.287614345550537109e-01
5.989671945571899414e-01
-5.929560661315917969e-01
1.379483342170715332e-01
6.971413493156433105e-01
-5.106828212738037109e-01
-4.673136770725250244e-01
1.584784239530563354e-01
5.660877823829650879e-01
1.040715694427490234e+00
5.750524625182151794e-02
6.615467667579650879e-01
1.278937458992004395e-01
-9.236510396003723145e-01
3.823465108871459961e-01
2.764183878898620605e-01
-9.129207730293273926e-01
1.054488182067871094e+00
7.073984742164611816e-01
-7.016925811767578125e-01
-8.773397803306579590e-01
-6.782736182212829590e-01
-2.098841220140457153e-01
7.545115947723388672e-01
