2.374562323093414307e-01
-3.769580423831939697e-01
1.366328001022338867e-01
-1.765843182802200317e-01
2.574149072170257568e-01
-3.065278753638267517e-02
-7.769282162189483643e-02
3.479430451989173889e-02
1.558512747287750244e-01
-5.742257460951805115e-02
2.600145637989044189e-01
-1.790441572666168213e-02
-1.454762667417526245e-01
4.390265047550201416e-02
2.276182621717453003e-01
-1.295534074306488037e-01
-1.773242950439453125e-01
5.769694223999977112e-03
2.284423261880874634e-01
-1.079619303345680237e-01
-8.234935998916625977e-02
-1.990299224853515625e-01
-3.636400997638702393e-01
3.974014148116111755e-02
-1.456412672996520996e-01
-1.699810624122619629e-01
-2.543422281742095947e-01
1.660268455743789673e-01
-1.228742003440856934e-01
8.547383546829223633e-02
