-4.416977763175964355e-01
2.657168507575988770e-01
-3.108062446117401123e-01
1.304981410503387451e-01
6.658787727355957031e-01
1.601013541221618652e-01
3.755914270877838135e-01
-8.181920647621154785e-02
8.554152399301528931e-02
4.511447250843048096e-01
5.591458082199096680e-01
2.046770602464675903e-01
-5.853080153465270996e-01
-4.792632535099983215e-02
-4.984936118125915527e-01
-2.956228554248809814e-01
2.824851870536804199e-01
-3.020990192890167236e-01
2.103798836469650269e-01
-4.784641265869140625e-01
1.709419190883636475e-01
-5.275635123252868652e-01
4.164574742317199707e-01
6.848536431789398193e-02
1.176964119076728821e-01
-1.381920874118804932e-01
4.224326610565185547e-01
-2.444171309471130371e-01
4.454402923583984375e-01
-2.273751795291900635e-01
