-7.892417907714843750e-01
1.100923895835876465e+00
4.993583559989929199e-01
-7.375656962394714355e-01
5.217652320861816406e-01
-6.575102210044860840e-01
3.078616559505462646e-01
2.558752708137035370e-02
6.295755505561828613e-01
-9.368007183074951172e-01
3.181550502777099609e-01
-7.738807201385498047e-01
-2.526365965604782104e-02
-3.816866278648376465e-01
5.560149550437927246e-01
2.242548316717147827e-01
2.687447071075439453e-01
-2.126004546880722046e-01
7.027397155761718750e-01
-6.619940996170043945e-01
-5.906930938363075256e-02
6.761295795440673828e-01
-9.178319573402404785e-01
2.947244942188262939e-01
3.660742640495300293e-01
2.813987433910369873e-01
-1.938386857509613037e-01
-4.266256093978881836e-01
-4.328349828720092773e-01
1.807538270950317383e-01
