-7.508229017257690430e-01
-3.873828053474426270e-01
-2.888983786106109619e-01
-4.200868308544158936e-01
-3.233998417854309082e-01
-5.526829361915588379e-01
6.948937177658081055e-01
6.203349828720092773e-01
-5.864459872245788574e-01
8.554431796073913574e-01
7.326733320951461792e-02
-8.074733614921569824e-01
6.099870800971984863e-01
4.249243140220642090e-01
-4.215432405471801758e-01
4.726529717445373535e-01
-5.691092610359191895e-01
-3.766830563545227051e-01
-8.312413692474365234e-01
9.642335772514343262e-01
-4.829441905021667480e-01
-5.105778574943542480e-01
-2.283588349819183350e-01
-4.736891090869903564e-01
-1.399700492620468140e-01
-6.909760236740112305e-01
7.041870802640914917e-02
-1.145562082529067993e-01
5.447244048118591309e-01
2.753576934337615967e-01
