-8.108863830566406250e-01
6.481370329856872559e-01
-3.229010403156280518e-01
-8.602009415626525879e-01
-4.154453575611114502e-01
5.611590743064880371e-01
-3.597682714462280273e-01
-1.285837531089782715e+00
1.145652294158935547e+00
-5.751040577888488770e-01
-7.622411847114562988e-01
4.768259525299072266e-01
8.088817000389099121e-01
-8.181989192962646484e-01
-1.026055932044982910e+00
-2.754698097705841064e-01
1.988962143659591675e-01
6.844043731689453125e-01
-5.842916201800107956e-03
-5.955194234848022461e-01
-4.410217404365539551e-01
6.558445096015930176e-01
2.835228294134140015e-02
-8.603632450103759766e-01
4.175429418683052063e-02
-6.322863698005676270e-02
9.237957596778869629e-01
6.713104248046875000e-01
5.154658555984497070e-01
-4.589062929153442383e-01
