9.530348181724548340e-01
-6.725063323974609375e-01
-2.792614102363586426e-01
-4.876678586006164551e-01
3.115321993827819824e-01
-7.010489702224731445e-01
6.222550868988037109e-01
3.715220689773559570e-01
4.440499246120452881e-01
-1.402182132005691528e-01
-4.202906489372253418e-01
5.035402774810791016e-01
4.843875467777252197e-01
6.227943301200866699e-01
-1.374590396881103516e-01
-3.981484472751617432e-01
5.529158115386962891e-01
-5.577599406242370605e-01
3.719972446560859680e-02
-1.088540777564048767e-01
-3.098713234066963196e-02
2.834623456001281738e-01
8.338933587074279785e-01
9.504979848861694336e-02
-8.874005079269409180e-01
5.461946725845336914e-01
1.486294716596603394e-02
-7.582675218582153320e-01
-3.471295535564422607e-01
-7.442555427551269531e-01
