6.346906423568725586e-01
-2.865796685218811035e-01
8.413616418838500977e-01
-5.750721096992492676e-01
-4.529468417167663574e-01
-2.010937631130218506e-01
6.104438304901123047e-01
-4.599022269248962402e-01
-7.447087764739990234e-01
1.055688560009002686e-01
-6.183471679687500000e-01
6.265225410461425781e-01
-4.934223890304565430e-01
5.132673382759094238e-01
-4.272186383605003357e-02
-3.469797968864440918e-01
6.736321449279785156e-01
5.291941761970520020e-01
6.420527696609497070e-01
4.639661908149719238e-01
2.658046782016754150e-01
5.164269208908081055e-01
9.331419318914413452e-02
2.561087906360626221e-01
6.788012981414794922e-01
5.032590627670288086e-01
-6.106334328651428223e-01
-5.813375711441040039e-01
1.018668770790100098e+00
-7.413617968559265137e-01
