3.102288544178009033e-01
-6.106680035591125488e-01
-6.664621829986572266e-01
-5.591686964035034180e-01
5.418176651000976562e-01
-3.383924365043640137e-01
5.350767374038696289e-01
8.587090373039245605e-01
-4.499733448028564453e-01
2.690648138523101807e-01
4.606053531169891357e-01
5.734350085258483887e-01
7.716698199510574341e-02
7.193799018859863281e-01
2.207116335630416870e-01
1.130756214261054993e-01
8.255774974822998047e-01
1.942616850137710571e-01
3.149091899394989014e-01
2.446510344743728638e-01
-9.391787461936473846e-03
3.689193427562713623e-01
3.783348202705383301e-01
4.662941098213195801e-01
-1.032910943031311035e-01
3.452487662434577942e-02
6.769916415214538574e-01
-4.726853966712951660e-01
3.809269964694976807e-01
6.216094493865966797e-01
