1.565041989088058472e-01
3.753287196159362793e-01
1.384396404027938843e-01
-3.715023398399353027e-01
-4.818686246871948242e-01
1.777150854468345642e-02
4.249402880668640137e-01
1.609866172075271606e-01
-3.210197389125823975e-01
-3.116152286529541016e-01
-6.380392611026763916e-02
3.608116209506988525e-01
-5.449230670928955078e-01
8.284605294466018677e-02
3.111909143626689911e-02
-5.819488763809204102e-01
-1.412476301193237305e-01
-9.026033431291580200e-02
5.118613243103027344e-01
-5.224262475967407227e-01
5.992689728736877441e-01
-5.920526385307312012e-01
-3.933085203170776367e-01
-1.456795334815979004e-01
-7.403468340635299683e-02
1.415478587150573730e-01
-7.298107445240020752e-02
-5.242145061492919922e-01
3.668748736381530762e-01
-2.847802639007568359e-01
