-3.332101702690124512e-01
-3.186251968145370483e-02
7.300904989242553711e-01
2.773535847663879395e-01
3.362643420696258545e-01
1.730727404356002808e-01
2.182284146547317505e-01
3.078276515007019043e-01
-1.798130273818969727e-01
-1.632053405046463013e-01
-6.037388443946838379e-01
-1.397320777177810669e-01
3.071841001510620117e-01
-4.599483907222747803e-01
1.972701847553253174e-01
-3.149996101856231689e-01
2.092832028865814209e-01
-2.551890313625335693e-01
2.263255268335342407e-01
-4.140103161334991455e-01
-1.507396809756755829e-02
-3.104829788208007812e-01
-8.215805143117904663e-02
4.700798094272613525e-01
-3.063564561307430267e-02
3.403746485710144043e-01
2.997079789638519287e-01
7.322667837142944336e-01
1.035246551036834717e-01
6.244008541107177734e-01
