2.116379290819168091e-01
9.807134419679641724e-02
-3.091510534286499023e-01
1.950749941170215607e-02
-2.212104387581348419e-02
-1.481885313987731934e-01
-1.147325038909912109e-01
3.271056711673736572e-01
1.020984649658203125e-01
-2.766971290111541748e-01
-2.648251056671142578e-01
2.859142422676086426e-01
-2.291323542594909668e-01
-1.183405295014381409e-01
-2.669246494770050049e-01
3.423280417919158936e-01
-1.454961597919464111e-01
1.196721345186233521e-01
1.486279368400573730e-01
6.482407450675964355e-02
6.523752957582473755e-02
-3.003771603107452393e-01
1.894043684005737305e-01
-2.066231369972229004e-01
-2.327157855033874512e-01
7.697780430316925049e-02
-2.053575962781906128e-01
-1.840141713619232178e-01
-3.284483253955841064e-01
4.809075966477394104e-02
