-2.869013249874114990e-01
3.634129464626312256e-01
-4.334094226360321045e-01
1.030160337686538696e-01
-6.429954618215560913e-02
-3.586978912353515625e-01
5.129941701889038086e-01
-6.015838980674743652e-01
9.378603100776672363e-01
2.531251013278961182e-01
-5.681825280189514160e-01
6.035253405570983887e-01
-1.348725855350494385e-01
5.488567948341369629e-01
2.540572285652160645e-01
-3.163084983825683594e-01
1.525169461965560913e-01
3.302650451660156250e-01
-8.620795607566833496e-02
4.655986726284027100e-01
5.038632750511169434e-01
5.391606688499450684e-01
4.019875824451446533e-01
-5.629989504814147949e-01
6.080204248428344727e-01
-6.959139108657836914e-01
-4.572396576404571533e-01
6.351011395454406738e-01
1.753722429275512695e-01
7.203422784805297852e-01
