-1.638242155313491821e-01
7.496643811464309692e-02
1.238302811980247498e-01
-2.639108300209045410e-01
1.664940863847732544e-01
-4.587966501712799072e-01
-2.419723570346832275e-01
3.045241832733154297e-01
3.574849367141723633e-01
-2.368377149105072021e-01
3.562065958976745605e-01
2.715020775794982910e-01
-2.152389585971832275e-01
-3.428941667079925537e-01
-3.053058385848999023e-01
1.727235764265060425e-01
-1.042994782328605652e-01
-9.390901774168014526e-02
1.346360240131616592e-02
-1.800727397203445435e-01
-2.467600107192993164e-01
2.241085171699523926e-01
-1.310515254735946655e-01
1.819242984056472778e-01
8.781033754348754883e-02
1.672126799821853638e-01
2.991427481174468994e-01
-2.807191908359527588e-01
2.148090004920959473e-01
7.524114102125167847e-02
