2.407795488834381104e-01
-3.499114215373992920e-01
4.750665426254272461e-01
-2.592877447605133057e-01
3.369471728801727295e-01
6.990906000137329102e-01
6.235675513744354248e-02
-1.172900497913360596e-01
7.415832281112670898e-01
6.715043783187866211e-01
1.151138901710510254e+00
6.254150867462158203e-01
3.420005738735198975e-02
5.484837889671325684e-01
-7.356768250465393066e-01
6.338057518005371094e-01
-7.632831335067749023e-01
5.980222225189208984e-01
3.092031776905059814e-01
5.775802731513977051e-01
2.817997038364410400e-01
3.367489576339721680e-01
-4.995756447315216064e-01
6.366574764251708984e-01
1.168148994445800781e+00
6.374675631523132324e-01
-1.826279461383819580e-01
3.342437744140625000e-01
-2.857638299465179443e-01
1.114651799201965332e+00
