4.054890871047973633e-01
-4.547862708568572998e-01
2.562536895275115967e-01
-1.028801649808883667e-01
1.424848735332489014e-01
-3.574067950248718262e-01
2.600922584533691406e-01
2.210773676633834839e-01
-2.565185427665710449e-01
4.286862313747406006e-01
-2.555332481861114502e-01
2.724013328552246094e-01
2.971352338790893555e-01
3.472695648670196533e-01
1.139268502593040466e-01
-1.485368609428405762e-01
1.988839209079742432e-01
3.542919456958770752e-02
-2.092143297195434570e-01
-4.324053525924682617e-01
2.109201252460479736e-01
-3.269720375537872314e-01
-3.199408054351806641e-01
-7.418940216302871704e-02
-2.432351559400558472e-01
-1.717604398727416992e-01
2.260425686836242676e-01
-3.344088494777679443e-01
7.451500743627548218e-02
-4.114413559436798096e-01
