-5.326890945434570312e-02
1.450589150190353394e-01
4.349618554115295410e-01
2.737025022506713867e-01
-6.712984442710876465e-01
-1.009788155555725098e+00
-8.566768169403076172e-01
-2.429493367671966553e-01
-4.456757009029388428e-01
-4.579696953296661377e-01
-8.337377309799194336e-01
-2.504468858242034912e-01
-5.116113424301147461e-01
-7.084043025970458984e-01
-1.250891447067260742e+00
-4.695178866386413574e-01
-6.759534478187561035e-01
1.116097211837768555e+00
2.456586621701717377e-02
-7.277512550354003906e-01
2.182953506708145142e-01
5.045616030693054199e-01
-9.401322007179260254e-01
9.038355350494384766e-01
-4.062839448451995850e-01
3.616733849048614502e-01
-6.934569478034973145e-01
3.959952294826507568e-01
3.354407846927642822e-01
3.915531039237976074e-01
