-4.354155361652374268e-01
-1.201050207018852234e-01
4.584169089794158936e-01
5.543666705489158630e-02
2.756555378437042236e-01
-2.264516204595565796e-01
-2.520063817501068115e-01
-2.935488149523735046e-02
-9.477066993713378906e-02
8.997707962989807129e-01
4.895935580134391785e-02
1.474608778953552246e-01
-1.063189268112182617e+00
1.230805963277816772e-01
4.467365145683288574e-01
-7.599796056747436523e-01
3.775998950004577637e-01
2.587237060070037842e-01
2.494773268699645996e-01
8.793621063232421875e-01
-6.191852092742919922e-01
4.675906300544738770e-01
6.980102062225341797e-01
9.975963830947875977e-02
4.438803493976593018e-01
3.020569086074829102e-01
-4.225849732756614685e-02
6.134921312332153320e-01
3.208470046520233154e-01
-3.976320922374725342e-01
