6.473214030265808105e-01
6.983225941658020020e-01
4.990853369235992432e-01
5.843855738639831543e-01
4.306790232658386230e-01
-5.844823718070983887e-01
-1.842808574438095093e-01
-1.108291596174240112e-01
1.314292401075363159e-01
1.201819658279418945e+00
-3.121146857738494873e-01
5.421242713928222656e-01
2.778776884078979492e-01
-3.354028463363647461e-01
4.117456376552581787e-01
-2.606181502342224121e-01
2.399121671915054321e-01
1.328517943620681763e-01
-5.911886692047119141e-02
9.962836503982543945e-01
-5.008346438407897949e-01
3.490048944950103760e-01
-5.116591602563858032e-02
-2.010577172040939331e-01
1.676373481750488281e-01
1.292905956506729126e-01
-3.336502313613891602e-01
3.673823177814483643e-01
1.614446282386779785e+00
-7.761633992195129395e-01
