-1.099176883697509766e+00
4.880110621452331543e-01
-1.286474585533142090e+00
-7.080628275871276855e-01
4.182243645191192627e-01
-6.967346668243408203e-01
-5.764997601509094238e-01
-4.253591299057006836e-01
7.257087826728820801e-01
5.207871794700622559e-01
9.505109190940856934e-01
8.360943794250488281e-01
7.987158298492431641e-01
9.233509898185729980e-01
4.375986158847808838e-01
1.122146487236022949e+00
-6.507030725479125977e-01
-3.610938042402267456e-02
-3.582968115806579590e-01
1.001961827278137207e+00
-3.723423928022384644e-02
9.024892449378967285e-01
-6.947978734970092773e-01
4.929533302783966064e-01
-3.585818111896514893e-01
-3.495424985885620117e-01
4.930403232574462891e-01
-5.590519905090332031e-01
3.303517103195190430e-01
-1.053790092468261719e+00
