4.866044223308563232e-01
3.037131428718566895e-01
2.781831622123718262e-01
1.244723871350288391e-01
3.845786154270172119e-01
2.308300584554672241e-01
-9.003695845603942871e-01
2.785257622599601746e-02
-3.468475043773651123e-01
-2.073243707418441772e-01
1.155167222023010254e+00
-2.590153217315673828e-01
-1.592000722885131836e-01
5.232279300689697266e-01
1.381000638008117676e+00
-3.434989154338836670e-01
6.732162833213806152e-02
5.345667600631713867e-01
2.527319639921188354e-02
-1.783747076988220215e-01
3.884200155735015869e-01
1.841489076614379883e-01
-3.190920352935791016e-01
6.956019401550292969e-01
-3.368399441242218018e-01
-1.016348823904991150e-01
-4.820660650730133057e-01
6.624889373779296875e-01
4.746864736080169678e-01
-2.134070843458175659e-01
