-7.692457437515258789e-01
-6.175759807229042053e-02
-6.364291310310363770e-01
-5.726571679115295410e-01
-7.036971449851989746e-01
4.744621515274047852e-01
3.670386373996734619e-01
4.258890450000762939e-01
2.044967263936996460e-01
9.067773222923278809e-01
9.860354661941528320e-02
-6.110675930976867676e-01
-6.884350627660751343e-02
6.428210735321044922e-01
2.769209742546081543e-01
-7.827950119972229004e-01
-4.778228402137756348e-01
6.230801939964294434e-01
6.057125926017761230e-01
-7.696704864501953125e-01
-1.977534890174865723e-01
-2.155169248580932617e-01
3.921737372875213623e-01
6.193150877952575684e-01
-2.787556946277618408e-01
-4.440435767173767090e-01
-3.402090370655059814e-01
-4.537989795207977295e-01
-4.494055509567260742e-01
9.109995514154434204e-02
