-1.872664093971252441e-01
-1.166018128395080566e+00
3.438450694084167480e-01
6.910797208547592163e-02
1.852503567934036255e-01
3.066914379596710205e-01
6.456077098846435547e-01
-3.344431221485137939e-01
5.037878155708312988e-01
3.350594043731689453e-01
-8.065090179443359375e-01
4.565041661262512207e-01
1.074188828468322754e+00
6.820729374885559082e-02
-4.597522616386413574e-01
5.757958889007568359e-01
-5.706521272659301758e-01
2.264075279235839844e-01
5.357664227485656738e-01
4.060930609703063965e-01
-4.580717906355857849e-02
-2.037964016199111938e-01
-1.532443463802337646e-01
-3.425551950931549072e-01
1.982747316360473633e-01
-2.766563296318054199e-01
1.409443318843841553e-01
1.958749890327453613e-01
-1.095867276191711426e+00
-3.543773591518402100e-01
