-1.121023446321487427e-01
3.326561450958251953e-01
-9.939312934875488281e-01
-4.938672184944152832e-01
4.563019871711730957e-01
6.147973537445068359e-01
9.300978183746337891e-01
4.675422310829162598e-01
5.579753518104553223e-01
7.235439419746398926e-01
2.983314394950866699e-01
5.862478017807006836e-01
-3.121007978916168213e-01
-1.046016514301300049e-01
1.040820330381393433e-01
7.007246613502502441e-01
5.648752450942993164e-01
-3.911798596382141113e-01
-2.505324482917785645e-01
-6.708107590675354004e-01
5.764553546905517578e-01
2.730051875114440918e-01
-5.247398614883422852e-01
-3.525236546993255615e-01
4.866495430469512939e-01
5.631741881370544434e-01
-4.155859053134918213e-01
-3.252737522125244141e-01
-4.320823252201080322e-01
-4.885918498039245605e-01
