-5.677627921104431152e-01
1.100524812936782837e-01
-3.445386886596679688e-01
-5.549152493476867676e-01
-7.132349610328674316e-01
5.007585883140563965e-02
-3.363350629806518555e-01
8.298234082758426666e-03
-4.989262819290161133e-01
5.001485943794250488e-01
-9.237686991691589355e-01
1.090853959321975708e-01
-2.638194561004638672e-01
-4.939878880977630615e-01
-5.205470323562622070e-01
6.206290796399116516e-02
-5.427328944206237793e-01
-4.433785974979400635e-01
3.169658184051513672e-01
-3.538181781768798828e-01
2.159664034843444824e-01
4.739578813314437866e-02
3.412513732910156250e-01
5.702804923057556152e-01
4.374018013477325439e-01
-4.964438453316688538e-02
-1.884078532457351685e-01
4.993337392807006836e-01
3.641868233680725098e-01
3.486328423023223877e-01
