4.009968638420104980e-01
3.251328766345977783e-01
-2.693964242935180664e-01
4.060440361499786377e-01
6.098083853721618652e-01
1.082945168018341064e-01
2.270963340997695923e-01
-1.938687562942504883e-01
-4.767450988292694092e-01
-6.029667854309082031e-01
-1.590742021799087524e-01
3.765154182910919189e-01
8.218261003494262695e-01
3.032140135765075684e-01
-3.869206309318542480e-01
3.069431334733963013e-02
-1.081682220101356506e-01
1.075373440980911255e-01
2.832273244857788086e-01
-4.209849834442138672e-01
-7.451834622770547867e-03
-6.032245233654975891e-02
3.554667234420776367e-01
9.673522710800170898e-01
-3.720354139804840088e-01
-2.637586891651153564e-01
6.013967990875244141e-01
4.699944257736206055e-01
5.441654324531555176e-01
4.879401624202728271e-02
