4.862816929817199707e-01
6.593562364578247070e-01
3.802608251571655273e-01
1.900295466184616089e-01
-1.696644723415374756e-01
-6.084408760070800781e-01
-1.152074560523033142e-01
6.041042208671569824e-01
2.664892673492431641e-01
-6.069814562797546387e-01
-5.542779341340065002e-02
6.047947406768798828e-01
-1.285446584224700928e-01
-3.834597468376159668e-01
-1.089416816830635071e-02
2.313277125358581543e-01
-4.239311516284942627e-01
7.897285223007202148e-01
1.014732867479324341e-01
-3.006818890571594238e-01
-7.229086160659790039e-01
-4.397380948066711426e-01
-6.166918277740478516e-01
2.011211961507797241e-01
-3.623557686805725098e-01
6.330736875534057617e-01
8.764874339103698730e-01
3.017821609973907471e-01
5.208249092102050781e-01
-6.710054874420166016e-01
