5.952045917510986328e-01
-4.938891530036926270e-01
-4.952613115310668945e-01
1.046233549714088440e-01
4.826356172561645508e-01
-6.962608098983764648e-01
-3.065207898616790771e-01
-2.412047982215881348e-01
8.296999335289001465e-01
2.025477439165115356e-01
3.546690344810485840e-01
7.398970127105712891e-01
6.406592726707458496e-01
-3.470523953437805176e-01
7.960714697837829590e-01
-6.845657229423522949e-01
-9.116832017898559570e-01
6.239154338836669922e-01
-7.879438251256942749e-02
-3.709855973720550537e-01
-7.185767889022827148e-01
-9.421041607856750488e-01
4.564022421836853027e-01
-6.484069824218750000e-01
7.131552696228027344e-01
1.049368262290954590e+00
8.181698322296142578e-01
-7.268898487091064453e-01
-6.729379296302795410e-01
-4.439448416233062744e-01
