2.295346707105636597e-01
-2.393075376749038696e-01
1.830489933490753174e-01
2.283876389265060425e-01
1.958771497011184692e-01
2.524345815181732178e-01
-2.891831472516059875e-02
-3.134951889514923096e-01
1.175217255949974060e-01
6.646423041820526123e-02
1.294863373041152954e-01
1.992916166782379150e-01
2.759778499603271484e-01
2.927962243556976318e-01
-9.171168506145477295e-02
-1.985485702753067017e-01
-1.837461143732070923e-01
1.260381639003753662e-01
-1.026021596044301987e-02
-3.676767647266387939e-01
1.401445865631103516e-01
3.016165494918823242e-01
2.261576801538467407e-01
-3.130960166454315186e-01
-6.953635811805725098e-02
-2.288195192813873291e-01
5.715271830558776855e-02
-1.772170811891555786e-01
-6.000237166881561279e-02
2.482093274593353271e-01
