-1.961266100406646729e-01
8.392205834388732910e-01
-2.581918537616729736e-01
1.173992455005645752e-01
2.619915902614593506e-01
2.441633790731430054e-01
5.735532641410827637e-01
-8.458102941513061523e-01
-8.161514997482299805e-01
-6.876132488250732422e-01
-2.461957335472106934e-01
-1.043334841728210449e+00
2.500570416450500488e-01
2.755071520805358887e-01
2.565675079822540283e-01
4.066157341003417969e-02
-2.939522862434387207e-01
-1.312266886234283447e-01
-3.357639014720916748e-01
-1.943900436162948608e-02
9.044173955917358398e-01
-4.727632105350494385e-01
-3.829913586378097534e-02
-7.551556229591369629e-01
-9.219499826431274414e-01
8.344390988349914551e-01
2.264786958694458008e-01
2.945240437984466553e-01
-5.883117318153381348e-01
3.352049589157104492e-01
