-3.986599743366241455e-01
5.285650491714477539e-01
8.159185051918029785e-01
-3.264573812484741211e-01
-1.159859657287597656e+00
-9.516418725252151489e-02
-5.818966627120971680e-01
2.710794508457183838e-01
-3.379913568496704102e-01
6.923245191574096680e-01
-6.382845044136047363e-01
-7.077748775482177734e-01
-4.534669518470764160e-01
4.501951336860656738e-01
-1.339082241058349609e+00
-7.574958801269531250e-01
5.153832435607910156e-01
-7.787293791770935059e-01
-2.805595695972442627e-01
-2.663477957248687744e-01
6.140564084053039551e-01
-4.393711984157562256e-01
-5.954660773277282715e-01
1.832465082406997681e-02
-2.032882124185562134e-01
-2.866511046886444092e-01
-6.600967645645141602e-01
-8.116558790206909180e-01
-2.911939918994903564e-01
2.200711369514465332e-01
