8.670687675476074219e-01
2.828473746776580811e-01
7.270987033843994141e-01
-2.240955233573913574e-01
-6.538552045822143555e-02
8.168631196022033691e-01
1.974039077758789062e-01
-3.936347067356109619e-01
-5.173402428627014160e-01
-2.758961915969848633e-01
5.277423933148384094e-02
-3.689967989921569824e-01
-7.049167752265930176e-01
7.104091048240661621e-01
3.854906857013702393e-01
-2.075948566198348999e-02
-7.384043335914611816e-01
-5.344109535217285156e-01
1.167287603020668030e-01
5.276728868484497070e-01
4.928121268749237061e-01
-5.989299416542053223e-01
-7.599816918373107910e-01
-6.186348199844360352e-01
7.321577668190002441e-01
-9.893047064542770386e-02
-7.535939216613769531e-01
-6.174303293228149414e-01
-5.836327672004699707e-01
-4.431275427341461182e-01
