-5.644405484199523926e-01
2.490250766277313232e-02
-8.208162784576416016e-01
2.853089869022369385e-01
-1.661733984947204590e-01
-4.138461351394653320e-01
2.967320382595062256e-01
-4.325973615050315857e-02
-1.473080962896347046e-01
1.537932455539703369e-01
2.175585329532623291e-01
2.539589703083038330e-01
4.364132583141326904e-01
1.162716969847679138e-01
-2.977522909641265869e-01
1.605138182640075684e-01
2.832618653774261475e-01
-2.425421923398971558e-01
1.963284052908420563e-02
1.663997322320938110e-01
-4.166822135448455811e-01
2.993534207344055176e-01
7.643420994281768799e-02
3.880501687526702881e-01
-2.083872258663177490e-01
3.554978966712951660e-01
2.539123892784118652e-01
2.610093951225280762e-01
-3.230445086956024170e-01
-2.890787422657012939e-01
