-1.266989827156066895e+00
4.308517873287200928e-01
5.332090258598327637e-01
-9.633584022521972656e-01
4.866051375865936279e-01
-1.157978028059005737e-01
-6.422208547592163086e-01
-3.681627213954925537e-01
1.013708949089050293e+00
7.986644506454467773e-01
-3.670632541179656982e-01
-5.403504371643066406e-01
9.402350522577762604e-03
-1.869546473026275635e-01
-4.679140448570251465e-01
-1.012694537639617920e-01
8.296527862548828125e-01
4.583413302898406982e-01
5.719406604766845703e-01
-1.876988410949707031e-01
-7.990835309028625488e-01
-5.216996669769287109e-01
6.921193599700927734e-01
-1.716099493205547333e-02
7.861875891685485840e-01
8.701378107070922852e-01
-4.887609183788299561e-01
1.441666483879089355e-01
7.716544270515441895e-01
-4.784007966518402100e-01
