3.832041919231414795e-01
-3.230290710926055908e-01
-3.029868602752685547e-01
-4.074356555938720703e-01
-2.675737440586090088e-01
-5.975564122200012207e-01
-8.837754279375076294e-02
5.432291030883789062e-01
6.642725318670272827e-02
9.349270164966583252e-02
-1.470962911844253540e-01
-1.832498311996459961e-01
3.064698576927185059e-01
5.504688620567321777e-01
1.987448930740356445e-01
-3.830024003982543945e-01
6.085333824157714844e-01
3.448397293686866760e-02
-1.828755587339401245e-01
3.997302949428558350e-01
3.751788735389709473e-01
-2.932183742523193359e-01
4.788148105144500732e-01
7.268660068511962891e-01
-3.072981536388397217e-01
-2.005334049463272095e-01
-5.739142894744873047e-01
-2.053921818733215332e-01
-5.663048624992370605e-01
-4.340820014476776123e-02
