3.617986738681793213e-01
3.191779255867004395e-01
-5.247587561607360840e-01
2.804036438465118408e-01
-3.791443258523941040e-02
2.751261591911315918e-01
4.552583396434783936e-01
-4.678043723106384277e-01
4.852310121059417725e-01
-7.024555206298828125e-01
-1.697379648685455322e-01
2.378756403923034668e-01
-2.068688571453094482e-01
4.476319253444671631e-01
3.691794872283935547e-01
5.253199487924575806e-02
-2.521061003208160400e-01
-6.234003305435180664e-01
2.997711598873138428e-01
1.961185485124588013e-01
-2.261299937963485718e-01
5.729124695062637329e-02
4.513958096504211426e-02
2.588880062103271484e-01
-6.479997038841247559e-01
3.065979294478893280e-02
4.044321477413177490e-01
5.379850864410400391e-01
1.908837854862213135e-01
-2.741592228412628174e-01
