1.830248236656188965e-01
-3.220321238040924072e-01
-4.034754037857055664e-01
2.237402200698852539e-01
-4.964505434036254883e-01
-4.994406104087829590e-01
6.199066638946533203e-01
2.884064614772796631e-01
1.646630913019180298e-01
7.075118422508239746e-01
-2.168862968683242798e-01
5.454052686691284180e-01
-2.823431789875030518e-01
-4.920575618743896484e-01
1.938487887382507324e-01
8.560159802436828613e-02
-2.437526136636734009e-01
1.090024948120117188e+00
2.606994509696960449e-01
-1.645034402608871460e-01
-4.341082870960235596e-01
5.074597001075744629e-01
1.372268348932266235e-01
-9.622975438833236694e-02
4.980801641941070557e-01
1.042214706540107727e-01
8.176661133766174316e-01
7.056359648704528809e-01
-2.848798036575317383e-01
-1.338943839073181152e-01
