-2.826562821865081787e-01
-2.090708762407302856e-01
-1.970186829566955566e-01
-7.329344749450683594e-01
1.357473880052566528e-01
-5.515279173851013184e-01
-8.367061614990234375e-02
5.506927371025085449e-01
-4.364657998085021973e-01
5.213908553123474121e-01
-1.016346439719200134e-01
7.209035754203796387e-01
1.296866834163665771e-01
-3.027600646018981934e-01
7.595148682594299316e-02
3.041921928524971008e-02
-1.173782572150230408e-01
-1.722844690084457397e-01
-3.004194200038909912e-01
2.154015898704528809e-01
-7.356289029121398926e-01
-1.988229304552078247e-01
-6.047886013984680176e-01
1.808870136737823486e-01
4.401957690715789795e-01
-4.682624042034149170e-01
-6.081746816635131836e-01
-5.684376880526542664e-02
4.235628545284271240e-01
5.071000456809997559e-01
