8.564461469650268555e-01
-7.785266637802124023e-01
6.985244154930114746e-01
-1.127973914146423340e+00
4.329076111316680908e-01
-5.717383027076721191e-01
-1.064956784248352051e+00
7.063606381416320801e-01
-1.031156420707702637e+00
5.559598803520202637e-01
-3.811064064502716064e-01
6.091411709785461426e-01
1.797727346420288086e-01
-2.931997179985046387e-01
-7.685440778732299805e-01
7.522130608558654785e-01
-3.266482949256896973e-01
8.285964727401733398e-01
-7.303747534751892090e-01
8.084935545921325684e-01
1.115343570709228516e+00
7.005003094673156738e-01
-9.511146545410156250e-01
4.572127461433410645e-01
5.662392973899841309e-01
7.634855508804321289e-01
7.495789527893066406e-01
7.021189332008361816e-01
-2.623665332794189453e-01
2.863438129425048828e-01
