4.570650160312652588e-01
5.386008620262145996e-01
1.377107501029968262e-01
-3.671093881130218506e-01
-4.492057561874389648e-01
-1.838622689247131348e-01
4.551875293254852295e-01
-1.883388906717300415e-01
2.419774383306503296e-01
3.544040620326995850e-01
-2.564065456390380859e-01
-7.456532120704650879e-02
4.572846591472625732e-01
3.665274381637573242e-01
-4.187041819095611572e-01
3.587947487831115723e-01
-6.860283017158508301e-01
-2.430730611085891724e-01
5.431703329086303711e-01
7.405256628990173340e-01
5.860311910510063171e-02
-1.200868487358093262e-01
-3.916146159172058105e-01
1.029815450310707092e-01
3.958582580089569092e-01
1.608557105064392090e-01
2.585709095001220703e-01
2.353468686342239380e-01
1.880605667829513550e-01
-5.520507693290710449e-01
