2.823572158813476562e-01
-4.321243762969970703e-01
-8.050714731216430664e-01
5.446608066558837891e-01
-3.733107447624206543e-01
7.540484070777893066e-01
5.144176483154296875e-01
4.904921054840087891e-01
-4.326910376548767090e-01
-7.794827222824096680e-01
-8.240912556648254395e-01
-5.284564942121505737e-02
-2.602232396602630615e-01
5.825585722923278809e-01
1.567741334438323975e-01
8.077538013458251953e-01
1.297603845596313477e-01
-3.039727509021759033e-01
-4.973474442958831787e-01
5.025365948677062988e-01
9.619641900062561035e-01
-2.756524980068206787e-01
1.872509568929672241e-01
-6.307128667831420898e-01
5.885398387908935547e-01
-1.393901109695434570e-01
-1.488336771726608276e-01
-4.719356596469879150e-01
2.793982028961181641e-01
-5.507875680923461914e-01
