2.341988682746887207e-01
-5.182886123657226562e-01
-5.483638644218444824e-01
8.707871437072753906e-01
-8.516277372837066650e-02
-8.161907196044921875e-01
1.239058494567871094e+00
4.069154262542724609e-01
1.106696009635925293e+00
-2.393293231725692749e-01
2.841374278068542480e-01
-4.705118536949157715e-01
7.630468606948852539e-01
-9.123967885971069336e-01
-1.514053940773010254e-01
-4.674482047557830811e-01
-2.853511869907379150e-01
-4.030537307262420654e-01
1.610928326845169067e-01
-4.245862066745758057e-01
-6.301448345184326172e-01
5.262384414672851562e-01
1.018025949597358704e-01
-1.387694329023361206e-01
-7.382349967956542969e-01
-3.622481971979141235e-02
-3.961102366447448730e-01
1.222541332244873047e-01
4.630317389965057373e-01
8.362845517694950104e-03
