6.701306998729705811e-02
2.468123286962509155e-01
-1.213722154498100281e-01
5.972566008567810059e-01
5.235143899917602539e-01
1.462226733565330505e-02
-2.148131728172302246e-01
3.426119983196258545e-01
-6.554486155509948730e-01
6.842182576656341553e-02
-2.971443235874176025e-01
-7.902911901473999023e-01
-4.762775450944900513e-02
1.637508720159530640e-01
3.666399745270609856e-03
-3.814781606197357178e-01
-1.662308722734451294e-01
-3.264927119016647339e-02
-6.056801974773406982e-02
2.573061883449554443e-01
-1.130799874663352966e-01
3.653720915317535400e-01
-3.407429158687591553e-01
3.987058401107788086e-01
3.176077008247375488e-01
7.634916901588439941e-01
4.991087317466735840e-01
-4.535538330674171448e-02
3.027693033218383789e-01
-1.019953936338424683e-01
