3.141934573650360107e-01
-4.293203353881835938e-01
1.713483482599258423e-01
4.467875957489013672e-01
-9.736090302467346191e-01
5.068350434303283691e-01
4.802556931972503662e-01
-9.522967338562011719e-01
-4.811188876628875732e-01
-1.124975755810737610e-01
7.624266147613525391e-01
-8.337575793266296387e-01
-8.420290946960449219e-01
-5.832607746124267578e-01
-6.201270818710327148e-01
-1.301523089408874512e+00
1.011619687080383301e+00
-1.185708045959472656e+00
4.890628755092620850e-01
2.580873966217041016e-01
2.219952344894409180e-01
3.657581210136413574e-01
1.161719322204589844e+00
8.270275592803955078e-01
9.026656299829483032e-02
3.990277051925659180e-01
-6.572268605232238770e-01
7.225257158279418945e-01
1.129993051290512085e-01
-6.993100047111511230e-01
