2.789672613143920898e-01
1.749912649393081665e-02
2.662335336208343506e-01
-3.157223463058471680e-01
-2.536561489105224609e-01
4.045664072036743164e-01
-2.153948843479156494e-01
3.361795470118522644e-02
3.013701438903808594e-01
2.981466352939605713e-01
-3.454093933105468750e-01
-4.836728423833847046e-02
2.027993202209472656e-01
4.805068969726562500e-01
-2.451468259096145630e-01
1.904336214065551758e-01
-1.655752360820770264e-01
-1.878236830234527588e-01
5.058185756206512451e-02
3.701001778244972229e-02
2.364285476505756378e-02
-3.917344212532043457e-01
-3.822719156742095947e-01
-6.305230855941772461e-01
4.504669904708862305e-01
-4.009557068347930908e-01
-4.072712361812591553e-01
1.372114270925521851e-01
-2.770158946514129639e-01
-2.471737861633300781e-01
