1.120839118957519531e+00
5.853564739227294922e-01
-1.296488165855407715e+00
-4.879636466503143311e-01
-3.024826943874359131e-01
-6.359109878540039062e-01
-5.780560970306396484e-01
-5.448487401008605957e-01
-6.752504110336303711e-01
-2.463035583496093750e-01
-5.350540876388549805e-01
8.610838055610656738e-01
-2.467212677001953125e-01
2.428413778543472290e-01
1.177212238311767578e+00
-9.529295563697814941e-01
-6.741526722908020020e-01
4.784690141677856445e-01
6.402645707130432129e-01
5.851920843124389648e-01
-7.893475890159606934e-01
3.800160884857177734e-01
8.204231262207031250e-01
1.029887199401855469e+00
-7.412790656089782715e-01
-5.468500778079032898e-02
-7.546487450599670410e-01
6.778774857521057129e-01
-2.624805271625518799e-01
-2.872802317142486572e-01
