-4.838746786117553711e-01
2.247018665075302124e-01
-7.709830403327941895e-01
4.711086153984069824e-01
-7.548014819622039795e-02
-2.898099422454833984e-01
5.562947988510131836e-01
3.024931848049163818e-01
3.252991735935211182e-01
5.555745959281921387e-01
-1.812613308429718018e-01
-6.591205000877380371e-01
1.508097499608993530e-01
2.296408265829086304e-01
2.998165190219879150e-01
-4.744466841220855713e-01
-2.559006214141845703e-02
3.435224294662475586e-01
5.176751613616943359e-01
6.476579308509826660e-01
-1.694134771823883057e-01
2.686175405979156494e-01
2.334809899330139160e-01
-4.434228539466857910e-01
-5.725293755531311035e-01
-2.497121095657348633e-01
-7.681988924741744995e-02
-3.129732012748718262e-01
2.126339972019195557e-01
-4.276107549667358398e-01
