-7.381194084882736206e-02
-1.863518655300140381e-01
1.196890175342559814e-01
3.169126436114311218e-02
2.053683996200561523e-01
-6.856121867895126343e-02
-1.470146775245666504e-01
1.708723008632659912e-01
2.411749809980392456e-01
-6.507935374975204468e-02
1.313808262348175049e-01
1.134233921766281128e-01
-9.773790091276168823e-02
1.577310846187174320e-03
1.897892206907272339e-01
-1.040679141879081726e-01
1.511550098657608032e-01
-8.855465054512023926e-02
1.144895255565643311e-01
-4.554862901568412781e-02
1.599487066268920898e-01
4.345800355076789856e-02
-8.167269825935363770e-02
-4.696945846080780029e-02
4.219436552375555038e-03
4.543117061257362366e-02
-3.247841820120811462e-02
-2.396944165229797363e-01
8.301658928394317627e-02
5.431864783167839050e-02
