-1.151524707674980164e-01
-2.989155948162078857e-01
7.011426687240600586e-01
-7.869267463684082031e-02
-2.106070667505264282e-01
-3.011437356472015381e-01
-6.153934821486473083e-02
-8.850824087858200073e-02
-2.385354228317737579e-02
5.463433265686035156e-01
-1.485352367162704468e-01
1.309622824192047119e-01
2.810472846031188965e-01
2.418906241655349731e-01
3.505690395832061768e-01
9.100082516670227051e-01
6.373478174209594727e-01
3.139186203479766846e-01
6.010385751724243164e-01
1.326378345489501953e+00
-3.302808701992034912e-01
-2.869235537946224213e-02
1.654769778251647949e-01
-4.767341613769531250e-01
1.903260797262191772e-01
5.056788921356201172e-01
-9.419205039739608765e-02
-3.726682960987091064e-01
1.825254410505294800e-01
-1.237398684024810791e-01
