5.745471715927124023e-01
-1.114585876464843750e+00
-3.323576450347900391e-01
5.055354833602905273e-01
-1.107039451599121094e+00
4.585015177726745605e-01
-1.012197583913803101e-01
3.591887950897216797e-01
6.434090137481689453e-01
2.791618108749389648e-01
8.930556774139404297e-01
6.088798120617866516e-02
-1.152472138404846191e+00
3.449416458606719971e-01
-9.584369063377380371e-01
2.206724733114242554e-01
-1.779832243919372559e-01
-3.451029062271118164e-01
6.331478357315063477e-01
6.739749312400817871e-01
2.461498975753784180e-01
-9.579290747642517090e-01
-1.045773103833198547e-01
4.329014122486114502e-01
5.569150447845458984e-01
4.477128982543945312e-01
7.028865218162536621e-01
-1.833588071167469025e-02
-3.703991770744323730e-01
2.945432066917419434e-01
