3.067741692066192627e-01
2.002703249454498291e-01
9.159348011016845703e-01
3.085784018039703369e-01
3.327791690826416016e-01
1.904861032962799072e-01
-7.861820459365844727e-01
-6.590133905410766602e-01
-2.872451841831207275e-01
2.596382796764373779e-01
8.055240511894226074e-01
2.303938865661621094e-01
4.524217844009399414e-01
6.515887379646301270e-01
7.944664955139160156e-01
-1.341701626777648926e+00
3.467551767826080322e-01
7.922679781913757324e-01
9.153247624635696411e-02
-5.576702952384948730e-01
-3.796044588088989258e-01
-1.259374737739562988e+00
-5.055775120854377747e-02
7.438023090362548828e-01
-7.980983257293701172e-01
1.235646009445190430e+00
3.406566381454467773e-01
7.945140600204467773e-01
-4.917877912521362305e-01
-4.734477698802947998e-01
