3.371454477310180664e-01
-7.876768708229064941e-01
-5.976364016532897949e-01
6.621730327606201172e-01
-9.434445202350616455e-02
-5.025471448898315430e-01
-1.483351085335016251e-02
9.742474555969238281e-01
-2.519248425960540771e-01
-7.190940976142883301e-01
6.561484336853027344e-01
6.753597855567932129e-01
-6.850764751434326172e-01
-3.641076385974884033e-01
-7.603608965873718262e-01
-4.403324425220489502e-01
9.334540367126464844e-02
-8.574163913726806641e-01
-5.551569908857345581e-02
8.725248277187347412e-02
-1.051173433661460876e-01
5.594847202301025391e-01
1.617116034030914307e-01
7.883873581886291504e-01
-7.400627136230468750e-01
-1.296384483575820923e-01
1.889379471540451050e-01
4.639784693717956543e-01
6.015684604644775391e-01
3.049641549587249756e-01
