-3.371281921863555908e-02
-3.115687333047389984e-02
8.232997655868530273e-01
2.917471826076507568e-01
3.490494489669799805e-01
6.168620586395263672e-01
-3.819255828857421875e-01
-5.185526013374328613e-01
1.601838618516921997e-01
-3.813104331493377686e-01
-4.370717108249664307e-01
1.272043585777282715e+00
6.001402139663696289e-01
7.752833366394042969e-01
3.221820592880249023e-01
6.878184676170349121e-01
1.172354593873023987e-01
3.757269680500030518e-01
-4.627455770969390869e-01
-4.603977501392364502e-01
-1.125801920890808105e+00
-1.665186285972595215e-01
6.319892406463623047e-01
-8.085427284240722656e-01
-3.346452713012695312e-01
9.844285994768142700e-02
4.581960737705230713e-01
5.479455590248107910e-01
-2.976192533969879150e-01
-6.519405245780944824e-01
