-6.511633396148681641e-01
3.478100299835205078e-01
2.965832650661468506e-01
-3.304208517074584961e-01
-6.600584983825683594e-01
3.774583712220191956e-02
2.071031928062438965e-01
6.053237915039062500e-01
-4.682762622833251953e-01
-3.834100663661956787e-01
7.393838763236999512e-01
-7.556426525115966797e-01
-4.318922460079193115e-01
4.159283936023712158e-01
2.875207364559173584e-01
-4.517999291419982910e-01
7.603643536567687988e-01
2.097500264644622803e-01
5.832975506782531738e-01
5.118734240531921387e-01
-6.378993391990661621e-01
-3.794049322605133057e-01
-1.336232304573059082e+00
4.285698235034942627e-01
-2.730927467346191406e-01
-1.692932844161987305e-01
2.377342432737350464e-01
-4.759481549263000488e-01
3.132938444614410400e-01
3.936346173286437988e-01
