5.375700592994689941e-01
-4.108710587024688721e-02
-5.443531274795532227e-01
-1.564940363168716431e-01
-4.885784387588500977e-01
-3.148497641086578369e-01
2.626715004444122314e-01
-1.259073615074157715e+00
-4.103520885109901428e-02
1.823685765266418457e-01
-2.168990075588226318e-01
6.011304855346679688e-01
1.576166629791259766e+00
-5.129146203398704529e-02
-1.725082397460937500e-01
-1.006608247756958008e+00
5.010173320770263672e-01
-1.054871827363967896e-02
-3.913359045982360840e-01
5.256025493144989014e-02
-3.706932067871093750e-01
-5.034130215644836426e-01
-1.818912476301193237e-01
4.970434308052062988e-01
3.208350762724876404e-02
-3.569265007972717285e-01
1.383251994848251343e-01
-1.113967597484588623e-01
-3.847598135471343994e-01
-7.795123457908630371e-01
