4.216236770153045654e-01
-7.615394592285156250e-01
4.947540163993835449e-01
3.777731060981750488e-01
-1.188001185655593872e-01
-5.836824178695678711e-01
-9.145562052726745605e-01
-5.899272561073303223e-01
-5.365311503410339355e-01
7.240639328956604004e-01
5.027654767036437988e-01
4.741961359977722168e-01
-3.764002323150634766e-01
-2.064120024442672729e-02
8.625488877296447754e-01
7.422273755073547363e-01
-7.022813558578491211e-01
9.214046001434326172e-01
-6.648012399673461914e-01
-2.742079496383666992e-01
-6.666731238365173340e-01
-5.708988308906555176e-01
-9.150365591049194336e-01
3.578296899795532227e-01
-5.060205459594726562e-01
-1.246987655758857727e-01
-5.999563336372375488e-01
-4.372734576463699341e-02
-3.125556409358978271e-01
-8.636714816093444824e-01
