8.815569877624511719e-01
-4.212937653064727783e-01
7.469028234481811523e-01
6.110355257987976074e-01
5.668088793754577637e-02
9.341905713081359863e-01
7.767467498779296875e-01
-2.491692602634429932e-01
9.731954336166381836e-01
-1.690169334411621094e+00
1.910002380609512329e-01
4.464606046676635742e-01
7.777640819549560547e-01
4.280777871608734131e-01
-1.410577446222305298e-02
-7.201228141784667969e-01
-7.312827557325363159e-02
-1.017123460769653320e+00
-5.468953847885131836e-01
-8.059291243553161621e-01
-3.876391798257827759e-02
-6.462805271148681641e-01
-3.655952811241149902e-01
3.251464366912841797e-01
-5.231443643569946289e-01
1.854658573865890503e-01
-3.502314388751983643e-01
-3.619879186153411865e-01
-6.322202682495117188e-01
5.440566688776016235e-02
