3.667371813207864761e-03
-3.167698383331298828e-01
-1.110621243715286255e-01
-2.951112985610961914e-01
1.200386732816696167e-01
5.016525387763977051e-01
-3.313204050064086914e-01
1.423524916172027588e-01
1.973700672388076782e-01
3.769861161708831787e-01
3.721753954887390137e-01
4.102614223957061768e-01
-5.071253180503845215e-01
1.185057386755943298e-01
-3.589875102043151855e-01
-3.574887812137603760e-01
-4.228274524211883545e-01
3.580214977264404297e-01
4.921053349971771240e-01
3.671182394027709961e-01
-3.015224635601043701e-01
2.994120717048645020e-01
-5.711328610777854919e-02
1.695629954338073730e-02
-4.627421200275421143e-01
-2.057333141565322876e-01
-4.734131991863250732e-01
3.264519572257995605e-01
-1.220665499567985535e-02
4.365196526050567627e-01
