-7.715672254562377930e-01
7.972213029861450195e-01
-6.851367950439453125e-01
4.791172444820404053e-01
8.871591687202453613e-01
3.564790785312652588e-01
7.568606734275817871e-01
1.210512280464172363e+00
9.588792920112609863e-01
-6.121424436569213867e-01
1.515990123152732849e-02
-5.403357148170471191e-01
-3.523161709308624268e-01
-3.812828063964843750e-01
5.059958100318908691e-01
-9.431023597717285156e-01
5.888392403721809387e-02
6.858609914779663086e-01
9.547756314277648926e-01
-1.275934696197509766e+00
4.796318411827087402e-01
2.868212461471557617e-01
-6.965149044990539551e-01
4.301058650016784668e-01
-1.865077912807464600e-01
3.457685112953186035e-01
-7.957445383071899414e-01
-7.338297367095947266e-01
6.707643270492553711e-01
4.466585218906402588e-01
