-3.896853923797607422e-01
1.774179488420486450e-01
1.733264029026031494e-01
-4.254964590072631836e-01
1.073334455490112305e+00
-5.713576674461364746e-01
7.500738501548767090e-01
-4.792954921722412109e-01
2.885437905788421631e-01
-4.596028029918670654e-01
-5.956234335899353027e-01
-1.640817709267139435e-02
6.727073192596435547e-01
7.072126865386962891e-01
3.357783854007720947e-01
-1.900112926959991455e-01
-1.209609583020210266e-01
5.702661871910095215e-01
9.299821257591247559e-01
-5.740782618522644043e-01
-7.311774492263793945e-01
7.082015872001647949e-01
-8.156633973121643066e-01
3.153092265129089355e-01
8.715249896049499512e-01
-9.837883114814758301e-01
-3.972291648387908936e-01
4.782833456993103027e-01
8.353464007377624512e-01
-3.601388037204742432e-01
