-7.112949490547180176e-01
5.979640409350395203e-02
1.051744699478149414e+00
3.653477728366851807e-01
1.325966119766235352e-01
-5.621414780616760254e-01
8.767332881689071655e-02
2.302163541316986084e-01
9.136250019073486328e-01
-2.731632292270660400e-01
5.983696505427360535e-02
-3.864379599690437317e-02
-6.992189288139343262e-01
1.917768269777297974e-01
4.573569446802139282e-02
4.813806116580963135e-01
-8.442088030278682709e-03
8.489053249359130859e-01
-8.881478905677795410e-01
7.072560489177703857e-02
6.140653491020202637e-01
3.562418222427368164e-01
4.537450373172760010e-01
-7.891000509262084961e-01
1.361904293298721313e-01
-8.300862908363342285e-01
-2.114823013544082642e-01
-7.371619343757629395e-01
-3.990637958049774170e-01
-2.331374958157539368e-02
