-3.449708223342895508e-01
3.280669823288917542e-02
-1.759664416313171387e-01
2.420265227556228638e-01
-6.073052883148193359e-01
-1.122647225856781006e-01
-2.523693144321441650e-01
-5.659793615341186523e-01
9.746861457824707031e-02
1.327981054782867432e-01
1.547684520483016968e-01
2.555844485759735107e-01
-1.005637720227241516e-01
-3.926183283329010010e-01
-3.119251728057861328e-01
5.747429132461547852e-01
-2.094778418540954590e-01
-3.364117145538330078e-01
-3.781361281871795654e-01
-1.252996921539306641e-01
-2.969966232776641846e-01
-4.633618593215942383e-01
-2.298477143049240112e-01
-3.521577119827270508e-01
1.412631757557392120e-02
-3.886586725711822510e-01
4.173320531845092773e-01
-4.361217021942138672e-01
-2.223843634128570557e-01
-2.716907858848571777e-01
