9.700220078229904175e-02
8.274944126605987549e-02
-1.525762528181076050e-01
-6.417971849441528320e-01
4.307144880294799805e-01
-2.696520090103149414e-02
-3.081890344619750977e-01
-9.581848978996276855e-03
1.085934564471244812e-01
-3.316855132579803467e-01
-1.219329118728637695e+00
-5.599132776260375977e-01
1.098519921302795410e+00
-5.036970376968383789e-01
-6.434220671653747559e-01
1.657509803771972656e-01
2.273999005556106567e-01
5.107928439974784851e-02
-5.243560671806335449e-02
-2.717696726322174072e-01
-2.293721139430999756e-01
1.686784327030181885e-01
-5.372309088706970215e-01
-3.050546906888484955e-02
-3.968239724636077881e-01
-5.428599715232849121e-01
-3.045341074466705322e-01
-3.780325055122375488e-01
1.746992617845535278e-01
-2.989051640033721924e-01
