3.456399440765380859e-01
-4.419754743576049805e-01
-1.129289120435714722e-01
2.003085762262344360e-01
5.768405199050903320e-01
4.238887131214141846e-01
1.630557626485824585e-01
3.309504687786102295e-01
-1.947354078292846680e-01
-6.727352738380432129e-01
1.192512154579162598e+00
-2.897939980030059814e-01
3.368660435080528259e-02
1.048519508913159370e-03
-6.023774147033691406e-01
1.009394153952598572e-01
3.297257721424102783e-01
1.748316437005996704e-01
2.883376777172088623e-01
6.970473527908325195e-01
6.187332868576049805e-01
6.240983605384826660e-01
-1.904041320085525513e-01
-4.689500927925109863e-01
-7.574618607759475708e-02
-9.714718163013458252e-02
-3.998281061649322510e-01
5.404562354087829590e-01
5.013890862464904785e-01
-2.848673164844512939e-01
