-4.242308139801025391e-01
7.205774188041687012e-01
-7.265026569366455078e-01
-2.825394272804260254e-01
6.144758462905883789e-01
3.441638126969337463e-02
3.981826901435852051e-01
8.998251557350158691e-01
-4.542841017246246338e-01
9.581770300865173340e-01
-1.137562036514282227e+00
-6.439707279205322266e-01
6.276022791862487793e-01
8.872720599174499512e-01
-1.214323341846466064e-01
-7.388275265693664551e-01
7.181295156478881836e-01
2.595974802970886230e-01
4.123104512691497803e-01
-1.563357710838317871e-01
5.135117843747138977e-02
-2.354382127523422241e-01
-4.803993105888366699e-01
-1.503090560436248779e-01
6.256575584411621094e-01
-5.628904104232788086e-01
-7.685250043869018555e-01
5.495086312294006348e-01
-5.940666794776916504e-01
5.851030945777893066e-01
