4.252988398075103760e-01
-6.351501941680908203e-01
4.188258647918701172e-01
4.182032644748687744e-01
4.980544745922088623e-02
-9.446967393159866333e-02
-3.962812721729278564e-01
8.069672584533691406e-01
5.610956549644470215e-01
4.872286617755889893e-01
-3.069963157176971436e-01
-6.713760495185852051e-01
3.433359861373901367e-01
2.647700011730194092e-01
1.828251481056213379e-01
-1.625523567199707031e-01
7.002321537584066391e-03
2.045513987541198730e-01
-3.054873943328857422e-01
-5.786500573158264160e-01
-2.233043126761913300e-02
3.817309141159057617e-01
5.395186543464660645e-01
1.987965404987335205e-01
-5.339223742485046387e-01
4.974863827228546143e-01
3.994723260402679443e-01
4.977698922157287598e-01
6.481050252914428711e-01
-2.058491557836532593e-01
