1.742078065872192383e-01
2.454624921083450317e-01
2.407210469245910645e-01
1.365390568971633911e-01
4.737254977226257324e-01
-9.750342369079589844e-01
8.171692490577697754e-02
-4.046605229377746582e-01
-2.852777838706970215e-01
-6.284231543540954590e-01
-6.306222081184387207e-01
1.216378659009933472e-01
4.745885431766510010e-01
1.933535635471343994e-01
-9.906952381134033203e-01
-3.411770761013031006e-01
-1.490736603736877441e-01
2.945070862770080566e-01
3.724222183227539062e-01
-2.346663326025009155e-01
8.626236915588378906e-01
2.518492341041564941e-01
7.423495873808860779e-03
5.790358781814575195e-01
-1.552591472864151001e-02
-1.978471726179122925e-01
-4.900242984294891357e-01
6.141917705535888672e-01
-1.387755870819091797e-01
2.170087844133377075e-01
