-3.627663850784301758e-01
-2.387984842061996460e-01
6.959748268127441406e-01
5.172060132026672363e-01
4.264644384384155273e-01
1.791230738162994385e-01
7.743724584579467773e-01
2.759888768196105957e-01
-1.162045896053314209e-01
-7.149684429168701172e-02
4.087384045124053955e-01
-5.415295362472534180e-01
1.419657375663518906e-03
-5.887042284011840820e-01
-9.095711708068847656e-01
5.677533149719238281e-01
2.533680796623229980e-01
-1.414760649204254150e-01
-1.577950417995452881e-01
2.716637849807739258e-01
-2.906202971935272217e-01
6.452740430831909180e-01
-1.065048798918724060e-01
-1.016274169087409973e-01
-1.910843700170516968e-02
4.610570669174194336e-01
-6.508873701095581055e-01
-2.556449472904205322e-01
-7.829243689775466919e-02
4.461092352867126465e-01
