3.394523262977600098e-02
3.803918510675430298e-02
1.085287928581237793e-01
1.633443832397460938e-01
-1.384619325399398804e-01
-1.651036292314529419e-01
4.276158660650253296e-02
2.938976138830184937e-02
-4.654661193490028381e-02
8.268380910158157349e-02
-7.409067451953887939e-02
1.321940124034881592e-01
-1.255341172218322754e-01
-6.071524694561958313e-03
1.815211474895477295e-01
-2.853929102420806885e-01
1.282097697257995605e-01
-2.091358304023742676e-01
-1.402760017663240433e-02
1.493507623672485352e-01
-1.576773673295974731e-01
-1.392036974430084229e-01
-9.905589371919631958e-02
8.483758568763732910e-02
1.503733098506927490e-01
1.978397220373153687e-01
2.113623544573783875e-02
4.085373133420944214e-03
3.175561083480715752e-03
1.282339245080947876e-01
