-4.319517910480499268e-01
-1.824266314506530762e-01
-1.738979667425155640e-01
-6.128076463937759399e-02
-2.605473399162292480e-01
-1.901325285434722900e-01
-7.815328985452651978e-02
-2.164992839097976685e-01
-1.346237808465957642e-01
1.974063366651535034e-01
-1.423819661140441895e-01
1.694314628839492798e-01
-2.161428034305572510e-01
7.756832987070083618e-02
2.242576628923416138e-01
-2.253307849168777466e-01
3.035810291767120361e-01
-1.370292901992797852e-02
-5.703461766242980957e-01
2.385872006416320801e-01
2.305996865034103394e-01
-4.555977582931518555e-01
-3.638891875743865967e-01
-5.818700417876243591e-02
-2.394065409898757935e-01
1.436779052019119263e-01
-2.747317031025886536e-02
-1.854718923568725586e-01
2.416723966598510742e-01
-1.221616864204406738e-01
