-4.115441441535949707e-01
3.560327887535095215e-01
1.222307443618774414e+00
1.444358676671981812e-01
-3.338320255279541016e-01
-6.749374270439147949e-01
-3.576786443591117859e-02
-9.054364562034606934e-01
-9.372735023498535156e-02
3.521354869008064270e-03
-6.807057261466979980e-01
-8.363489806652069092e-02
-1.415131092071533203e-01
-8.658987283706665039e-02
-7.348241284489631653e-03
-4.694219529628753662e-01
3.434244394302368164e-01
-6.058625578880310059e-01
1.861871331930160522e-01
1.233972430229187012e+00
1.071362495422363281e+00
-2.456693798303604126e-01
5.704988241195678711e-01
-4.065648913383483887e-01
-1.787877082824707031e-01
-8.475763201713562012e-01
-5.083418488502502441e-01
-3.311383724212646484e-01
-1.036879658699035645e+00
6.948135495185852051e-01
