6.538654565811157227e-01
-6.892637014389038086e-01
-9.596174359321594238e-01
7.644836902618408203e-01
-1.687906831502914429e-01
1.140760164707899094e-02
1.001702323555946350e-01
-8.281361460685729980e-01
-3.674650192260742188e-02
2.794633805751800537e-01
5.225262641906738281e-01
5.054775476455688477e-01
-7.528579235076904297e-01
3.975375890731811523e-01
-1.238933920860290527e+00
3.022812120616436005e-02
6.463965773582458496e-02
-7.771854400634765625e-01
6.364804506301879883e-01
2.888705134391784668e-01
3.554967045783996582e-01
3.683103322982788086e-01
7.679165005683898926e-01
9.031326770782470703e-01
7.825028300285339355e-01
-6.820210218429565430e-01
5.615606904029846191e-01
-4.163418114185333252e-01
-4.730101525783538818e-01
3.978784978389739990e-01
