-5.271504521369934082e-01
8.032235503196716309e-01
-4.681885242462158203e-03
-8.653250932693481445e-01
-4.772319793701171875e-01
1.101960659027099609e+00
-1.065405845642089844e+00
7.374970316886901855e-01
5.331557989120483398e-01
3.245738744735717773e-01
1.426299691200256348e+00
3.533387780189514160e-01
-1.351104974746704102e-01
8.070433884859085083e-02
-5.693464875221252441e-01
1.055982112884521484e+00
-8.301824331283569336e-01
-4.972441196441650391e-01
-1.332509666681289673e-01
2.081836760044097900e-01
5.439556837081909180e-01
-3.587535023689270020e-01
-6.114671230316162109e-01
6.173903942108154297e-01
-1.087199807167053223e+00
-5.067505836486816406e-01
-6.038216948509216309e-01
-6.187600493431091309e-01
-4.874098896980285645e-01
3.219374418258666992e-01
