4.810490012168884277e-01
-6.692183017730712891e-01
3.783273994922637939e-01
4.322656691074371338e-01
-1.052908003330230713e-01
9.065144509077072144e-02
-2.055198103189468384e-01
-8.401868492364883423e-02
-4.317945241928100586e-01
6.401672214269638062e-02
7.753279209136962891e-01
3.016433417797088623e-01
-5.045951008796691895e-01
6.879239678382873535e-01
1.283872365951538086e+00
-8.068951964378356934e-01
9.410833120346069336e-01
5.097663998603820801e-01
5.642735958099365234e-01
-8.681219071149826050e-02
-5.214290022850036621e-01
-7.214447855949401855e-01
6.702737212181091309e-01
1.186063885688781738e-01
-7.944831848144531250e-01
4.496713578701019287e-01
-5.886809825897216797e-01
-4.765501022338867188e-01
1.113930866122245789e-01
-4.239941835403442383e-01
