-1.226808279752731323e-01
-1.314158737659454346e-01
-4.914138019084930420e-01
4.837349653244018555e-01
3.305282592773437500e-01
4.272552728652954102e-01
-2.422291338443756104e-01
5.866718888282775879e-01
-2.805103361606597900e-01
-3.273886442184448242e-01
3.908630311489105225e-01
6.503648161888122559e-01
3.413853049278259277e-01
-2.754216790199279785e-01
-5.440875887870788574e-01
-7.912912964820861816e-01
6.351138353347778320e-01
-5.169031023979187012e-01
4.033162295818328857e-01
7.048219442367553711e-01
1.494065076112747192e-01
7.433838844299316406e-01
-1.173212766647338867e+00
-1.365358978509902954e-01
5.062283277511596680e-01
2.754189372062683105e-01
1.772647607140243053e-03
-2.733328938484191895e-01
2.487386167049407959e-01
-2.315297275781631470e-01
