4.727142751216888428e-01
-2.777790725231170654e-01
-3.437203122302889824e-03
-5.916523933410644531e-01
-8.085317015647888184e-01
-3.354076445102691650e-01
3.040382564067840576e-01
2.563211023807525635e-01
5.184836983680725098e-01
-1.134532466530799866e-01
5.310663580894470215e-01
7.989782094955444336e-01
-4.948740005493164062e-01
-2.598243653774261475e-01
4.487273097038269043e-01
6.670212745666503906e-01
1.752165853977203369e-01
6.212804317474365234e-01
7.466989755630493164e-01
6.796793341636657715e-01
3.361162841320037842e-01
6.328938603401184082e-01
3.198904097080230713e-01
7.617568224668502808e-02
-1.648969054222106934e-01
4.739743471145629883e-01
-9.207578897476196289e-01
1.578050553798675537e-01
-9.004982709884643555e-01
-2.163274884223937988e-01
