-5.358487963676452637e-01
4.822391569614410400e-01
-5.218375325202941895e-01
1.709161400794982910e-01
-1.625518351793289185e-01
-3.273683786392211914e-01
4.962447881698608398e-01
4.646768867969512939e-01
-5.978986620903015137e-01
-5.299667119979858398e-01
2.920595407485961914e-01
-1.402975171804428101e-01
6.176555156707763672e-01
3.854919075965881348e-01
-1.447805464267730713e-01
7.276248186826705933e-02
-3.415445089340209961e-01
-1.873573064804077148e-01
-1.704757064580917358e-01
-6.730586290359497070e-01
-2.601777911186218262e-01
4.299011528491973877e-01
5.256034135818481445e-01
1.574752032756805420e-01
5.354366898536682129e-01
-4.098949730396270752e-01
9.296378493309020996e-02
7.479344010353088379e-01
8.140220642089843750e-01
2.186567150056362152e-02
