-7.822883129119873047e-02
6.358320116996765137e-01
-1.081494018435478210e-01
3.112158477306365967e-01
-3.615460693836212158e-01
-4.115442931652069092e-01
-3.752997219562530518e-01
6.227774024009704590e-01
-5.634889006614685059e-01
5.999485254287719727e-01
3.496247902512550354e-02
-1.242546066641807556e-01
-1.829589903354644775e-01
-5.879765152931213379e-01
-4.395904541015625000e-01
-4.439938366413116455e-01
-2.342846095561981201e-01
8.316107392311096191e-01
-1.990555040538311005e-02
-1.443284004926681519e-01
6.210550069808959961e-01
2.555422186851501465e-01
-3.079665303230285645e-01
-3.541412055492401123e-01
-1.471935957670211792e-01
3.274439573287963867e-01
-5.603113770484924316e-01
1.498325914144515991e-01
-1.682492196559906006e-01
4.433062076568603516e-01
