5.000581741333007812e-01
7.286851406097412109e-01
-8.973960280418395996e-01
4.375590085983276367e-01
5.826385021209716797e-01
2.184119671583175659e-01
2.669822238385677338e-02
5.255704522132873535e-01
-1.634827107191085815e-01
-5.146078467369079590e-01
-3.985212743282318115e-01
-6.714866161346435547e-01
9.221978485584259033e-02
3.228403031826019287e-01
2.345085293054580688e-01
5.914446115493774414e-01
-6.560415625572204590e-01
3.185490965843200684e-01
6.157341599464416504e-01
-1.345750838518142700e-01
-5.352853536605834961e-01
-4.908540844917297363e-01
-2.470756024122238159e-01
7.318646907806396484e-01
-2.022124528884887695e-01
-6.532014161348342896e-02
-5.438502430915832520e-01
8.693174123764038086e-01
-2.530740499496459961e-01
-4.982117116451263428e-01
