7.472923398017883301e-01
-5.307832360267639160e-01
-7.407709360122680664e-01
-4.638534188270568848e-01
4.694288671016693115e-01
5.772410035133361816e-01
7.390910983085632324e-01
-1.033727645874023438e+00
1.666991412639617920e-02
5.694324374198913574e-01
-5.724729299545288086e-01
4.698421061038970947e-01
7.278287410736083984e-01
-5.090639591217041016e-01
-6.408754587173461914e-01
-5.303822755813598633e-01
-5.074094533920288086e-01
-6.056815385818481445e-01
-4.108757078647613525e-01
-2.679391205310821533e-01
1.899643689393997192e-01
1.233820915222167969e+00
-2.182898074388504028e-01
-6.007977128028869629e-01
-7.643087506294250488e-01
7.412242889404296875e-01
-1.390081197023391724e-01
3.721753656864166260e-01
2.933198511600494385e-01
-7.576130032539367676e-01
