-4.129769206047058105e-01
-6.683309078216552734e-01
-5.962007045745849609e-01
1.369527280330657959e-01
1.874835640192031860e-01
4.723336547613143921e-02
5.592557787895202637e-01
6.527149081230163574e-01
7.840055823326110840e-01
3.506174087524414062e-01
3.202352225780487061e-01
-4.076098501682281494e-01
2.703886330127716064e-01
6.027006506919860840e-01
9.317021369934082031e-01
5.840088725090026855e-01
1.777183264493942261e-02
-8.045246601104736328e-01
-9.899537563323974609e-01
-3.322221338748931885e-01
1.409382745623588562e-02
7.884313464164733887e-01
4.051059782505035400e-01
-4.173132777214050293e-01
7.048178911209106445e-01
6.928609609603881836e-01
-5.920931696891784668e-01
3.801108896732330322e-01
-4.551398754119873047e-01
-8.253490924835205078e-01
