4.355494678020477295e-01
7.280902564525604248e-02
-1.179044246673583984e-01
-6.548209488391876221e-02
2.442840933799743652e-01
3.645835220813751221e-01
-3.695900738239288330e-01
3.972790539264678955e-01
-1.351492106914520264e-01
3.937488794326782227e-01
-4.027133882045745850e-01
1.112771630287170410e+00
1.348559111356735229e-01
-3.299959301948547363e-01
-5.073189735412597656e-01
1.371573328971862793e+00
7.016494870185852051e-01
-4.681609570980072021e-02
-2.484984546899795532e-01
-9.947425872087478638e-02
3.039897978305816650e-01
1.137058064341545105e-01
-3.701283633708953857e-01
-2.497961372137069702e-01
4.142644405364990234e-01
-9.556547403335571289e-01
6.942574381828308105e-01
1.398250907659530640e-01
5.097019672393798828e-01
5.565634369850158691e-01
