-2.347680926322937012e-01
3.642707467079162598e-01
7.766720056533813477e-01
-6.811498999595642090e-01
-5.993301272392272949e-01
-4.789917469024658203e-01
-6.700498461723327637e-01
-5.158748030662536621e-01
1.267186403274536133e-01
6.774471998214721680e-01
2.572051286697387695e-01
-9.457505941390991211e-01
5.250699520111083984e-01
5.765005350112915039e-01
-4.541803300380706787e-01
3.493449091911315918e-01
-1.078386425971984863e+00
-6.352305412292480469e-01
4.007564485073089600e-02
-7.414498925209045410e-02
-5.991706848144531250e-01
2.424369603395462036e-01
4.188518822193145752e-01
-2.633492350578308105e-01
-2.610697783529758453e-02
-2.031970918178558350e-01
2.500506862998008728e-02
8.868731558322906494e-02
-1.355322301387786865e-01
3.576127886772155762e-01
