-9.011318534612655640e-02
-1.028753165155649185e-02
1.643311083316802979e-01
-9.669236838817596436e-03
3.222016617655754089e-02
-2.748871035873889923e-02
4.409088194370269775e-01
-6.677265763282775879e-01
-3.048427402973175049e-02
1.972314119338989258e-01
-4.924492239952087402e-01
-3.957447707653045654e-01
-2.932919561862945557e-01
7.609133124351501465e-01
4.116013050079345703e-01
3.392521739006042480e-01
-7.044461965560913086e-01
-1.465565413236618042e-01
-5.036115050315856934e-01
4.432811737060546875e-01
-1.202769670635461807e-02
4.484373033046722412e-01
3.138228654861450195e-01
8.220361918210983276e-02
-5.810007080435752869e-02
-6.557176113128662109e-01
6.559469699859619141e-01
3.158613145351409912e-01
1.045050919055938721e-01
5.717824101448059082e-01
