1.668015122413635254e-01
-3.420486152172088623e-01
5.109861493110656738e-01
-6.283944845199584961e-02
-1.035537198185920715e-02
-5.869666934013366699e-01
-2.675728201866149902e-01
1.324757933616638184e-01
-1.950948536396026611e-01
-1.414445638656616211e-01
-6.645112037658691406e-01
-1.900843977928161621e-01
-1.786630749702453613e-01
-4.600661993026733398e-01
6.057252287864685059e-01
4.159381985664367676e-01
3.251345455646514893e-01
-4.609151184558868408e-01
4.177947938442230225e-01
-4.213755726814270020e-01
2.046573758125305176e-01
-4.218273460865020752e-01
7.687391638755798340e-01
2.025434821844100952e-01
-7.755564153194427490e-02
-4.128675460815429688e-01
-1.937277019023895264e-01
1.291442066431045532e-01
-2.616516649723052979e-01
4.313976969569921494e-03
