8.654612302780151367e-02
-1.877893507480621338e-01
-9.550678730010986328e-01
-2.254851758480072021e-01
6.531299352645874023e-01
3.637436628341674805e-01
1.735101640224456787e-01
7.300846576690673828e-01
-7.596622705459594727e-01
-8.338202834129333496e-01
4.810206294059753418e-01
1.601411402225494385e-01
-6.319104880094528198e-02
-6.677385568618774414e-01
-2.998974025249481201e-01
-1.057781696319580078e+00
-5.208876132965087891e-01
-5.698848962783813477e-01
-1.951374486088752747e-02
-1.323074698448181152e-01
7.193776965141296387e-02
3.149111270904541016e-01
-4.887571632862091064e-01
-5.022609829902648926e-01
1.488100737333297729e-01
4.511999785900115967e-01
2.164991199970245361e-01
1.059082388877868652e+00
-5.871983170509338379e-01
4.732069373130798340e-01
