1.670342087745666504e-01
-1.062419712543487549e-01
-3.830156028270721436e-01
6.701090186834335327e-02
1.891580075025558472e-01
-4.735262393951416016e-01
-6.826006807386875153e-03
-2.569690942764282227e-01
-9.812430739402770996e-01
5.414969921112060547e-01
-1.567998901009559631e-02
6.428077220916748047e-01
-8.589589595794677734e-01
-7.034751772880554199e-01
3.230048418045043945e-01
4.293335080146789551e-01
-4.261896014213562012e-01
-4.557850956916809082e-01
-8.423407375812530518e-02
4.054509103298187256e-01
1.134539488703012466e-02
-1.117118835449218750e+00
-3.471794128417968750e-01
-1.028658866882324219e+00
3.694176971912384033e-01
7.614209055900573730e-01
3.377136886119842529e-01
5.250982642173767090e-01
4.855880439281463623e-01
5.842874050140380859e-01
