8.363201618194580078e-01
-6.360920071601867676e-01
-7.650144100189208984e-01
-2.864402532577514648e-01
-5.863836407661437988e-01
5.627271533012390137e-01
7.052705287933349609e-01
-1.186694383621215820e+00
4.720314145088195801e-01
1.216004371643066406e+00
3.818154036998748779e-01
-6.929756999015808105e-01
5.140249133110046387e-01
-4.343371689319610596e-01
5.847237110137939453e-01
-4.585467576980590820e-01
-6.646090000867843628e-02
5.508791282773017883e-02
-2.339604943990707397e-01
1.839406192302703857e-01
-6.558496356010437012e-01
7.630512714385986328e-01
-9.063766002655029297e-01
-8.118199110031127930e-01
4.974845945835113525e-01
3.022914528846740723e-01
-5.703452229499816895e-01
-2.006603479385375977e-01
-2.505971789360046387e-01
-3.029932975769042969e-01
