5.763112306594848633e-01
8.030968308448791504e-01
4.435600340366363525e-02
3.419677615165710449e-01
3.499870598316192627e-01
1.190418303012847900e-01
-6.440544724464416504e-01
-2.232622355222702026e-01
6.592655777931213379e-01
6.327550411224365234e-01
-3.684621155261993408e-01
2.950058579444885254e-01
6.604382395744323730e-01
-5.441324114799499512e-01
-2.168062776327133179e-01
2.182570844888687134e-01
4.390885233879089355e-01
-8.016794174909591675e-02
3.607598245143890381e-01
-3.900188505649566650e-01
2.367522567510604858e-01
6.861152648925781250e-01
-5.813001394271850586e-01
-2.193159461021423340e-01
2.526233792304992676e-01
-4.315709173679351807e-01
1.863455772399902344e-01
7.477330416440963745e-02
2.813701033592224121e-01
4.086050018668174744e-02
