4.943442046642303467e-01
-2.967133224010467529e-01
5.539008975028991699e-01
7.292127609252929688e-02
2.261073514819145203e-02
2.425634264945983887e-01
-2.143225073814392090e-01
1.872458457946777344e-01
-7.148946821689605713e-02
-8.696261048316955566e-02
2.184506803750991821e-01
1.225357055664062500e-01
-7.077336907386779785e-01
4.873893260955810547e-01
-4.905426502227783203e-01
2.990990281105041504e-01
6.398812532424926758e-01
3.583987355232238770e-01
2.703378796577453613e-01
-2.685294747352600098e-01
-2.329827696084976196e-01
-8.020660281181335449e-01
5.796314477920532227e-01
-3.490384817123413086e-01
-1.540535837411880493e-01
-8.180662244558334351e-02
2.466261237859725952e-01
1.121357381343841553e-01
4.807189572602510452e-03
-1.620168089866638184e-01
