-4.498931169509887695e-01
2.110407203435897827e-01
-4.784498214721679688e-01
-1.076086536049842834e-01
-1.614480912685394287e-01
-4.716907441616058350e-01
3.567829132080078125e-01
-2.880330979824066162e-01
1.898796409368515015e-01
1.208173558115959167e-01
-1.043010801076889038e-01
-3.804761171340942383e-01
-5.789723247289657593e-02
-3.792576491832733154e-01
2.375297099351882935e-01
-6.290279626846313477e-01
3.468445837497711182e-01
-5.158854126930236816e-01
-8.910226821899414062e-02
-7.042317837476730347e-02
-7.536871433258056641e-01
4.002954959869384766e-01
-1.835553050041198730e-01
-1.302091032266616821e-01
-2.498483657836914062e-01
1.442161202430725098e-01
-6.707414388656616211e-01
-1.008373219519853592e-02
-1.513174176216125488e-01
-4.621404707431793213e-01
