4.079338908195495605e-01
1.463862210512161255e-01
-4.039177298545837402e-01
-3.761249482631683350e-01
-2.279631793498992920e-01
-5.319395661354064941e-02
9.233868867158889771e-02
-2.468656748533248901e-01
2.602995634078979492e-01
-3.428840637207031250e-01
-4.448006153106689453e-01
-4.761918783187866211e-01
-3.377607464790344238e-01
-4.036893078591674566e-04
-1.519806683063507080e-01
-1.306620147079229355e-02
2.721922099590301514e-01
-3.111915886402130127e-01
-2.830704748630523682e-01
-3.400606513023376465e-01
-1.383575499057769775e-01
1.298958659172058105e-01
1.149038225412368774e-01
5.695226192474365234e-01
-3.314359858632087708e-02
5.764538422226905823e-02
3.778247535228729248e-01
-1.894036680459976196e-01
-5.139799416065216064e-02
-1.469393968582153320e-01
