-7.655820250511169434e-01
2.412125617265701294e-01
-3.959516435861587524e-02
5.233151316642761230e-01
1.133233457803726196e-01
-2.221519351005554199e-01
-4.036507308483123779e-01
5.509627461433410645e-01
-2.730879485607147217e-01
3.399884700775146484e-01
-4.805228114128112793e-01
4.884504377841949463e-01
-4.755741953849792480e-01
-3.147010505199432373e-01
3.220321536064147949e-01
1.993490159511566162e-01
3.625484406948089600e-01
1.166907325387001038e-01
5.535798668861389160e-01
-5.789361428469419479e-03
7.952910661697387695e-02
-4.564405083656311035e-01
-1.239112317562103271e-01
-1.223784610629081726e-01
8.776992559432983398e-02
1.351227164268493652e-01
4.085963368415832520e-01
-2.625191211700439453e-01
-4.988959133625030518e-01
-2.960229516029357910e-01
