-3.349954187870025635e-01
-3.811147809028625488e-01
1.607535928487777710e-01
-3.392354547977447510e-01
-2.590921334922313690e-02
8.607866615056991577e-02
1.925481110811233521e-02
-2.377928942441940308e-01
4.417175054550170898e-01
2.480825185775756836e-01
-9.869118034839630127e-02
-1.497522145509719849e-01
2.360963672399520874e-01
2.291726917028427124e-01
-3.584740757942199707e-01
-3.227493166923522949e-01
-4.299907684326171875e-01
-5.821938067674636841e-02
-1.640105098485946655e-01
7.094900310039520264e-02
2.785485684871673584e-01
-2.322558015584945679e-01
-2.079408317804336548e-01
-1.089699715375900269e-01
3.490044474601745605e-01
5.277621150016784668e-01
4.324667528271675110e-02
4.815583527088165283e-01
-3.208599984645843506e-01
-1.470564901828765869e-01
