-1.632878184318542480e-01
5.043540596961975098e-01
-1.144203245639801025e-01
9.758190065622329712e-02
3.290052711963653564e-01
-4.246505796909332275e-01
4.158927500247955322e-01
2.247439324855804443e-01
1.115402579307556152e+00
7.086502313613891602e-01
7.500629127025604248e-02
2.580853179097175598e-02
-4.733052849769592285e-01
3.194922506809234619e-01
-4.843198135495185852e-02
-2.131550163030624390e-01
3.541779220104217529e-01
-3.287412226200103760e-01
-9.888062477111816406e-01
-2.080650180578231812e-01
-4.254224002361297607e-01
-3.493239283561706543e-01
1.626671403646469116e-01
-6.711464524269104004e-01
2.365131527185440063e-01
-6.285669654607772827e-02
7.270073145627975464e-02
1.191351786255836487e-01
3.721807599067687988e-01
-8.887419104576110840e-02
