-3.272033929824829102e-01
2.282324582338333130e-01
9.246758222579956055e-01
-7.313659191131591797e-01
-2.212418317794799805e-01
1.860956549644470215e-01
-2.348055988550186157e-01
-3.254078924655914307e-01
4.525344446301460266e-02
-4.372600317001342773e-01
-1.563718765974044800e-01
1.160364151000976562e+00
-5.302623510360717773e-01
1.390129029750823975e-01
1.721975654363632202e-01
2.821982502937316895e-01
3.884110599756240845e-02
1.988075226545333862e-01
-3.470327258110046387e-01
-2.770541310310363770e-01
-6.608028709888458252e-02
-3.191105127334594727e-01
8.116844296455383301e-01
-5.202459096908569336e-01
1.921022236347198486e-01
1.459684818983078003e-01
1.291261762380599976e-01
5.504732728004455566e-01
1.008865237236022949e+00
-7.047367095947265625e-01
