-3.915604054927825928e-01
7.894235849380493164e-01
2.372985333204269409e-01
4.932635128498077393e-01
4.851408004760742188e-01
-3.846337646245956421e-02
5.924120545387268066e-01
2.435162514448165894e-01
7.461675405502319336e-01
-2.635086178779602051e-01
2.143874019384384155e-01
2.158950828015804291e-02
1.665800809860229492e-01
8.187782019376754761e-02
2.322922646999359131e-01
-4.296711385250091553e-01
-6.024107933044433594e-01
6.034757494926452637e-01
8.170566707849502563e-02
-7.133452594280242920e-02
-5.925029516220092773e-01
1.058442950248718262e+00
3.212904632091522217e-01
5.744881555438041687e-02
4.113627672195434570e-01
-8.219610154628753662e-02
-4.599782824516296387e-01
-8.142727017402648926e-01
-7.106159925460815430e-01
-5.369392037391662598e-01
