3.578029274940490723e-01
-6.607103943824768066e-01
-1.153036579489707947e-01
1.565406769514083862e-01
1.971360594034194946e-01
-5.401214957237243652e-01
6.920083761215209961e-01
1.708687543869018555e-01
-1.285803318023681641e-01
2.765345275402069092e-01
-4.377708733081817627e-01
4.140609502792358398e-01
-3.201921582221984863e-01
-3.538103997707366943e-01
5.694585442543029785e-01
-5.037217140197753906e-01
4.093003869056701660e-01
-5.045784711837768555e-01
5.709397792816162109e-01
1.387150526046752930e+00
1.593105494976043701e-01
3.969585895538330078e-01
-4.859818220138549805e-01
8.903536796569824219e-01
-1.132349491119384766e+00
-5.447361469268798828e-01
2.987493574619293213e-01
-1.721080541610717773e-01
6.826156377792358398e-02
-3.145651817321777344e-01
