-5.127223730087280273e-01
-1.511956155300140381e-01
-9.724112749099731445e-01
-7.977844476699829102e-01
-7.504789829254150391e-01
-3.364542722702026367e-01
-3.874882459640502930e-01
-8.654975295066833496e-01
-6.791938543319702148e-01
-5.800207257270812988e-01
6.718086004257202148e-01
2.145134508609771729e-01
1.505340039730072021e-01
-9.831248521804809570e-01
1.812833845615386963e-01
4.902035892009735107e-01
7.451260089874267578e-01
1.074364185333251953e+00
-4.726727604866027832e-01
8.640307784080505371e-01
-1.162448525428771973e+00
-7.205433398485183716e-02
-2.594558298587799072e-01
3.093098700046539307e-01
2.065186053514480591e-01
-1.076613590121269226e-01
-3.273229897022247314e-01
-9.042816162109375000e-01
4.799742400646209717e-01
-1.022842288017272949e+00
