-1.524991691112518311e-01
-1.407018899917602539e-01
1.856552436947822571e-02
-2.539757192134857178e-01
-2.369403243064880371e-01
4.782953560352325439e-01
-4.645127430558204651e-02
-5.661768913269042969e-01
-6.824371814727783203e-01
-5.616970658302307129e-01
-3.289326727390289307e-01
-5.196565985679626465e-01
3.967798352241516113e-01
-9.730564951896667480e-01
-3.574552237987518311e-01
-6.802532076835632324e-01
7.264907956123352051e-01
1.807267516851425171e-01
-5.710203051567077637e-01
-1.011737942695617676e+00
2.509230673313140869e-01
4.122131764888763428e-01
7.722120881080627441e-01
1.633761227130889893e-01
-2.111327052116394043e-01
8.612488508224487305e-01
-3.472805023193359375e-01
-6.633942127227783203e-01
4.723514616489410400e-01
-1.712298244237899780e-01
