5.696801543235778809e-01
6.079621315002441406e-01
3.120153844356536865e-01
-6.394012570381164551e-01
1.629743725061416626e-01
-8.266968727111816406e-01
-1.045001521706581116e-01
2.520583271980285645e-01
-6.580232977867126465e-01
7.005539536476135254e-01
1.257649064064025879e-01
3.081467151641845703e-01
-5.686029195785522461e-01
5.474721193313598633e-01
-6.769986748695373535e-01
-6.477107405662536621e-01
-6.960455179214477539e-01
-4.920655488967895508e-01
-9.595214724540710449e-01
2.668985128402709961e-01
4.986051619052886963e-01
-5.103860497474670410e-01
9.085641503334045410e-01
8.091360330581665039e-01
1.913998648524284363e-02
-2.546518146991729736e-01
1.766232699155807495e-01
-7.218072414398193359e-01
-4.934489130973815918e-01
6.710984706878662109e-01
