-4.151436686515808105e-01
-6.547619104385375977e-01
-2.588807046413421631e-01
6.757894158363342285e-01
3.644807934761047363e-01
2.192921787500381470e-01
-5.149299502372741699e-01
2.701200842857360840e-01
-9.761019051074981689e-02
-3.205222189426422119e-01
4.639025032520294189e-01
3.282296359539031982e-01
2.746372520923614502e-01
3.520770370960235596e-01
-4.091378450393676758e-01
7.426242232322692871e-01
-1.876603066921234131e-01
1.864851117134094238e-01
5.104343295097351074e-01
2.204687446355819702e-01
-3.686113655567169189e-01
-5.239872932434082031e-01
-5.277670025825500488e-01
3.413848578929901123e-02
-2.395497858524322510e-01
5.256650447845458984e-01
9.797337055206298828e-01
3.286022841930389404e-01
1.410821676254272461e-01
3.811693191528320312e-01
