6.108448505401611328e-01
-2.070202231407165527e-01
9.592391252517700195e-01
-1.124481186270713806e-01
-1.052774906158447266e+00
6.708816438913345337e-02
-3.356257081031799316e-02
-3.266005814075469971e-01
-5.626893043518066406e-01
-5.361006259918212891e-01
2.604738175868988037e-01
5.428845286369323730e-01
6.007474660873413086e-01
4.181311279535293579e-02
-1.243050768971443176e-01
-6.375342011451721191e-01
-4.399573802947998047e-01
1.639505177736282349e-01
-9.574590921401977539e-01
-2.501842975616455078e-01
-4.463505148887634277e-01
5.592111945152282715e-01
1.049971655011177063e-01
5.745804309844970703e-01
-3.416203558444976807e-01
4.075378477573394775e-01
-5.406957864761352539e-01
3.320750296115875244e-01
-9.807597398757934570e-01
7.075531482696533203e-01
