1.072551906108856201e-01
-4.667798876762390137e-01
-1.999325603246688843e-01
5.015128850936889648e-01
3.473242819309234619e-01
3.023581802845001221e-01
-3.492331206798553467e-01
2.203651815652847290e-01
-1.067580699920654297e+00
-1.271691679954528809e+00
4.376491904258728027e-01
-1.208409905433654785e+00
2.919689714908599854e-01
-4.415836036205291748e-01
-6.360893249511718750e-01
3.257306218147277832e-01
-1.335204988718032837e-01
-1.607745587825775146e-01
1.620299220085144043e-01
-6.255114674568176270e-01
-4.506625607609748840e-02
-2.842576503753662109e-01
-3.335282504558563232e-01
-6.760218739509582520e-02
2.065371870994567871e-01
5.373920202255249023e-01
4.946855902671813965e-01
1.771129071712493896e-01
-2.307916432619094849e-01
-4.123769700527191162e-01
