6.882727146148681641e-01
6.868518590927124023e-01
-3.152251616120338440e-02
5.605079531669616699e-01
-2.854799032211303711e-01
2.935939431190490723e-01
-8.282957226037979126e-02
4.975066781044006348e-01
-5.899288058280944824e-01
2.584318816661834717e-01
3.146610260009765625e-01
2.354427874088287354e-01
-5.229703783988952637e-01
1.258587688207626343e-01
-3.537836074829101562e-01
-5.561879649758338928e-02
3.282215893268585205e-01
-6.134045720100402832e-01
-1.061208322644233704e-01
2.014764547348022461e-01
-7.566806674003601074e-01
-4.505238831043243408e-01
-9.241877198219299316e-01
8.488367311656475067e-04
3.516706824302673340e-01
-2.801232039928436279e-01
-3.387072682380676270e-01
7.833172082901000977e-01
-1.089616194367408752e-01
-8.618109226226806641e-01
