-6.188996434211730957e-01
7.664551734924316406e-01
-4.849375188350677490e-01
5.776353478431701660e-01
2.634570598602294922e-01
-4.792573153972625732e-01
2.170852422714233398e-01
-5.068094730377197266e-01
-6.589409112930297852e-01
5.652992129325866699e-01
-7.574589252471923828e-01
-4.664387106895446777e-01
7.957600951194763184e-01
1.227443590760231018e-01
8.440631031990051270e-01
-5.279284119606018066e-01
3.435947000980377197e-01
1.585022173821926117e-02
6.344075202941894531e-01
7.329913973808288574e-01
-3.631871938705444336e-01
-7.500076293945312500e-01
4.194736778736114502e-01
-8.525661230087280273e-01
-3.048421628773212433e-02
-6.596965789794921875e-01
5.256425142288208008e-01
-1.763197779655456543e-02
-2.262342274188995361e-01
-7.116465568542480469e-01
