-5.207041501998901367e-01
3.781146183609962463e-02
-1.449504196643829346e-01
-1.710359901189804077e-01
-1.892666816711425781e-01
2.294734120368957520e-01
-3.903593635186553001e-03
1.706474870443344116e-01
-5.345277860760688782e-02
3.010530173778533936e-01
5.103367939591407776e-02
3.678158521652221680e-01
3.817411512136459351e-02
-3.340423703193664551e-01
3.416562452912330627e-02
-5.349313616752624512e-01
1.224130541086196899e-01
-3.814889788627624512e-01
3.506063818931579590e-01
7.437536120414733887e-02
-3.897397220134735107e-01
-5.335405468940734863e-01
-2.334074229001998901e-01
-1.426404714584350586e-01
2.522696554660797119e-01
-2.191070616245269775e-01
3.268849253654479980e-01
-3.379462361335754395e-01
-4.257326126098632812e-01
1.207226067781448364e-01
