-6.868717074394226074e-02
6.961851716041564941e-01
1.257285028696060181e-01
8.127052783966064453e-01
-1.360934525728225708e-01
-4.599789381027221680e-01
4.637467265129089355e-01
7.888462543487548828e-01
4.958684444427490234e-01
-4.182827770709991455e-01
-7.511466145515441895e-01
1.685923784971237183e-01
-6.140344142913818359e-01
-6.287590265274047852e-01
6.996676921844482422e-01
-7.629588842391967773e-01
8.693817853927612305e-01
3.093573749065399170e-01
-3.176157176494598389e-01
-8.418996334075927734e-01
8.430355042219161987e-02
-4.468782544136047363e-01
-3.355122804641723633e-01
-6.928846836090087891e-01
2.081079930067062378e-01
-3.082399368286132812e-01
6.068338751792907715e-01
-1.367649585008621216e-01
5.147376656532287598e-01
-2.874933481216430664e-01
