-5.635412931442260742e-01
5.649240612983703613e-01
-4.697798788547515869e-01
-2.058143764734268188e-01
-5.111653208732604980e-01
-5.797979831695556641e-01
-4.324156045913696289e-01
-9.651584029197692871e-01
-1.844071149826049805e-01
-6.535639166831970215e-01
6.571213603019714355e-01
-4.102597534656524658e-01
4.806119799613952637e-01
-1.527021378278732300e-01
1.127723813056945801e+00
1.662475019693374634e-01
-1.239959239959716797e+00
-9.224041700363159180e-01
5.749291777610778809e-01
-1.482422500848770142e-01
5.251958370208740234e-01
-9.677312970161437988e-01
2.567733824253082275e-01
-9.102742671966552734e-01
-9.585880041122436523e-01
5.165205597877502441e-01
-1.026043415069580078e+00
3.911418616771697998e-01
9.123486280441284180e-01
-1.146289557218551636e-01
