-1.609312295913696289e-01
-5.539507865905761719e-01
4.706089794635772705e-01
-4.781213700771331787e-01
-1.413207054138183594e-01
4.261072576045989990e-01
2.520398497581481934e-01
5.879453420639038086e-01
6.814529299736022949e-01
-3.659436702728271484e-01
5.022277832031250000e-01
-4.569906294345855713e-01
3.034013807773590088e-01
-7.804899811744689941e-01
4.986475408077239990e-01
8.555912971496582031e-02
9.026941061019897461e-01
8.561265468597412109e-01
-2.613745629787445068e-01
-2.197111696004867554e-01
-5.761340856552124023e-01
4.045574963092803955e-01
1.140879616141319275e-01
-7.683320641517639160e-01
4.748262763023376465e-01
-7.700588703155517578e-01
-3.450617194175720215e-01
-6.702616810798645020e-02
1.799978315830230713e-02
4.831317067146301270e-01
