5.088692903518676758e-01
-1.951962411403656006e-01
2.604108452796936035e-01
6.215576529502868652e-01
-2.204112410545349121e-01
2.141540944576263428e-01
5.561462640762329102e-01
-4.818958938121795654e-01
-4.605402350425720215e-01
2.610729932785034180e-01
-7.659581899642944336e-01
-3.535780012607574463e-01
-2.334099560976028442e-01
3.081622421741485596e-01
1.349902302026748657e-01
1.567038595676422119e-01
-2.580362260341644287e-01
3.845196664333343506e-01
1.670082658529281616e-01
-7.538955807685852051e-01
4.330102503299713135e-01
-3.922433555126190186e-01
1.293741762638092041e-01
-3.256261348724365234e-01
4.720256030559539795e-01
3.610877096652984619e-01
7.636342942714691162e-02
3.631622791290283203e-01
-1.898844391107559204e-01
3.387982249259948730e-01
