3.827759027481079102e-01
4.392733797430992126e-03
3.952499032020568848e-01
-2.410259246826171875e-01
7.433402538299560547e-02
3.940404951572418213e-01
-2.265802174806594849e-01
5.258061289787292480e-01
-8.218699097633361816e-01
9.788063168525695801e-02
7.822524309158325195e-01
4.788378477096557617e-01
5.749369263648986816e-01
6.763243079185485840e-01
-3.876516222953796387e-02
2.671591937541961670e-01
-7.331180572509765625e-01
-6.408953666687011719e-01
-5.642671585083007812e-01
3.919599652290344238e-01
-7.508614063262939453e-01
5.900115370750427246e-01
-1.839986443519592285e-01
-5.247024297714233398e-01
1.002724170684814453e+00
1.573641896247863770e-01
5.246852636337280273e-01
3.204546868801116943e-01
-9.730638265609741211e-01
8.404750227928161621e-01
