2.590959668159484863e-01
7.158742547035217285e-01
2.443882524967193604e-01
9.171820878982543945e-01
-5.288789868354797363e-01
2.088316679000854492e-01
-3.305727243423461914e-01
-4.902985692024230957e-01
5.565409660339355469e-01
1.561519205570220947e-01
4.986331164836883545e-01
-1.032622829079627991e-01
6.961699128150939941e-01
3.336052000522613525e-01
-6.108791828155517578e-01
-8.697820901870727539e-01
-4.839897155761718750e-01
-1.559407263994216919e-01
-6.692938804626464844e-01
4.400079324841499329e-02
-1.680892556905746460e-01
-6.296080350875854492e-01
8.579156547784805298e-02
4.482180476188659668e-01
-1.037582516670227051e+00
-7.990553975105285645e-01
8.441999554634094238e-02
-7.301671504974365234e-01
-3.041029870510101318e-01
5.673328638076782227e-01
