-7.404243350028991699e-01
-2.713808119297027588e-01
-3.719513416290283203e-01
-7.306702136993408203e-01
9.941523075103759766e-01
-2.556782662868499756e-01
3.632069528102874756e-01
3.464867770671844482e-01
-2.948561906814575195e-01
-4.499105215072631836e-01
5.039598792791366577e-02
-3.551216423511505127e-01
-1.324925273656845093e-01
-2.585126161575317383e-01
9.484958648681640625e-01
-1.311421860009431839e-02
1.031003236770629883e+00
3.202439248561859131e-01
-3.364013433456420898e-01
-4.897024035453796387e-01
3.570996224880218506e-01
-1.805678941309452057e-02
3.508275747299194336e-01
-1.652246862649917603e-01
1.780625805258750916e-02
3.724909126758575439e-01
-2.628382444381713867e-01
1.240522600710391998e-03
2.269159816205501556e-02
-2.995954453945159912e-01
