-2.774032354354858398e-01
-2.810995578765869141e-01
7.630972564220428467e-02
-1.534378975629806519e-01
4.862104058265686035e-01
3.131355047225952148e-01
4.119719266891479492e-01
2.439215481281280518e-01
5.092060565948486328e-01
-2.464353740215301514e-01
3.852883279323577881e-01
1.394270509481430054e-01
-4.895135462284088135e-01
-5.056754350662231445e-01
-4.106438755989074707e-01
3.158903717994689941e-01
-1.001872029155492783e-02
-6.063421368598937988e-01
-7.710809111595153809e-01
-4.611081182956695557e-01
2.197792381048202515e-01
-3.999725282192230225e-01
1.782647669315338135e-01
4.049898386001586914e-01
2.249421179294586182e-01
-1.056547462940216064e-01
-1.214478388428688049e-01
-2.888910844922065735e-02
4.296501576900482178e-01
4.444032907485961914e-01
