-6.620309352874755859e-01
3.530008792877197266e-01
-2.606153190135955811e-01
-3.759773373603820801e-01
2.839490771293640137e-01
-1.624115407466888428e-01
-6.070461869239807129e-01
7.133231163024902344e-01
-7.520073056221008301e-01
-2.573308646678924561e-01
6.085327826440334320e-03
-1.210626482963562012e+00
5.126832798123359680e-02
2.165540158748626709e-01
-8.382300734519958496e-01
2.720492482185363770e-01
2.438064292073249817e-02
6.826667785644531250e-01
-9.575989246368408203e-01
-3.271103799343109131e-01
-8.290563821792602539e-01
-1.509025134146213531e-02
-2.530460059642791748e-01
-1.027988046407699585e-01
1.242219284176826477e-01
1.257093071937561035e+00
2.421434372663497925e-01
4.800504818558692932e-02
3.543783128261566162e-01
3.875229954719543457e-01
