-3.301632404327392578e-01
4.490355551242828369e-01
-2.278691232204437256e-01
4.973691701889038086e-01
-4.350365698337554932e-01
3.461706936359405518e-01
6.320859789848327637e-01
-2.442906945943832397e-01
4.641151428222656250e-02
6.071016192436218262e-01
4.922865927219390869e-01
5.064209103584289551e-01
-2.482318431138992310e-01
-2.656341493129730225e-01
3.287107348442077637e-01
4.552030563354492188e-01
5.264913439750671387e-01
-5.209110975265502930e-01
-7.581323981285095215e-01
-3.379956185817718506e-01
5.070454478263854980e-01
-9.453195929527282715e-01
-3.312892615795135498e-01
-2.175281345844268799e-01
1.577898114919662476e-01
-6.921317577362060547e-01
-6.174222826957702637e-01
-1.045771002769470215e+00
4.031268060207366943e-01
1.719589233398437500e-01
