-4.768859744071960449e-01
-5.364239215850830078e-01
1.112003549933433533e-01
-2.631541490554809570e-01
9.018280506134033203e-01
1.903336197137832642e-01
-6.726915836334228516e-01
-1.385488212108612061e-01
-5.102944746613502502e-02
1.404133886098861694e-01
7.662141323089599609e-01
-1.123387888073921204e-01
-1.342656165361404419e-01
3.964644297957420349e-02
5.078328847885131836e-01
5.011682212352752686e-02
-3.785018622875213623e-01
1.011842787265777588e-01
5.580254197120666504e-01
-3.982363939285278320e-01
3.870004713535308838e-01
8.975031971931457520e-02
-4.452019631862640381e-01
-5.527177709154784679e-04
2.549611330032348633e-01
-3.915387392044067383e-01
4.198920130729675293e-01
-3.910131379961967468e-02
-1.115286350250244141e-01
-4.260185733437538147e-02
