-7.068015336990356445e-01
1.466718614101409912e-01
5.083680152893066406e-01
2.806123495101928711e-01
-1.259906440973281860e-01
4.778574109077453613e-01
4.649716913700103760e-01
-4.763074219226837158e-01
6.467211842536926270e-01
-3.012030124664306641e-01
-1.368484795093536377e-01
1.062133684754371643e-01
-1.192436292767524719e-01
-3.054906129837036133e-01
-4.270836114883422852e-01
-4.314178824424743652e-01
-5.882503986358642578e-01
-7.474763393402099609e-01
3.460425138473510742e-02
-3.707493841648101807e-01
-1.722683012485504150e-01
-2.286398261785507202e-01
9.134906530380249023e-01
-3.341891169548034668e-01
-2.731307446956634521e-01
-3.268051147460937500e-01
3.916710987687110901e-02
-2.213593758642673492e-02
-1.223690062761306763e-01
5.409914851188659668e-01
