-3.341413140296936035e-01
2.541463971138000488e-01
-1.493138819932937622e-01
-7.128188610076904297e-01
-4.740967452526092529e-01
-4.453868865966796875e-01
-1.642793715000152588e-01
-3.441029489040374756e-01
5.876020062714815140e-03
-1.145120710134506226e-02
1.387316286563873291e-01
-7.459905743598937988e-02
-8.099696636199951172e-01
-2.589319944381713867e-01
2.809988260269165039e-01
-2.599339187145233154e-01
1.783283203840255737e-01
4.098187685012817383e-01
-2.807153761386871338e-01
4.079907536506652832e-01
-2.498939633369445801e-01
-4.197864234447479248e-01
-3.797807991504669189e-01
-3.126741349697113037e-01
5.777157843112945557e-02
1.267278343439102173e-01
-1.593536734580993652e-01
-5.404610633850097656e-01
-4.197920262813568115e-01
-3.948500752449035645e-01
