8.961132168769836426e-01
8.673368692398071289e-01
5.908737182617187500e-01
-3.417900949716567993e-02
-1.424732059240341187e-01
6.648119091987609863e-01
5.234701037406921387e-01
-5.396588444709777832e-01
-6.755204498767852783e-02
-7.097963094711303711e-01
-3.128129541873931885e-01
-7.334191203117370605e-01
-1.594333052635192871e-01
-4.651394188404083252e-01
-2.867259681224822998e-01
4.302835464477539062e-01
-5.645493865013122559e-01
6.588093638420104980e-01
8.853489160537719727e-01
-4.535140097141265869e-01
-5.494115352630615234e-01
8.724642992019653320e-01
-1.596727818250656128e-01
-6.912443041801452637e-01
6.550595760345458984e-01
6.151577234268188477e-01
5.581781268119812012e-01
-4.843421578407287598e-01
1.097206115722656250e+00
-4.696174561977386475e-01
