3.701800405979156494e-01
-5.125110149383544922e-01
-1.761875897645950317e-01
4.279445409774780273e-01
-3.292574584484100342e-01
3.643685877323150635e-01
-1.804452091455459595e-01
5.815592780709266663e-02
-1.353745907545089722e-01
-2.852408587932586670e-01
3.101506531238555908e-01
-2.291552424430847168e-01
1.910889297723770142e-01
2.525271475315093994e-01
-3.190477490425109863e-01
-1.655133813619613647e-01
-3.558515906333923340e-01
2.937241494655609131e-01
3.701405227184295654e-01
2.803784310817718506e-01
5.912393331527709961e-01
3.702462315559387207e-01
-1.959027349948883057e-01
-9.452161192893981934e-02
3.585410714149475098e-01
-4.442619383335113525e-01
2.164245545864105225e-01
3.395285308361053467e-01
-5.553860664367675781e-01
-4.365867972373962402e-01
