-2.677303254604339600e-01
5.592191219329833984e-01
-1.130703985691070557e-01
-4.216289818286895752e-01
6.131093502044677734e-01
1.968502402305603027e-01
-1.746553182601928711e-01
4.674333631992340088e-01
5.225304961204528809e-01
-1.174149751663208008e+00
5.218639373779296875e-01
7.715560495853424072e-02
-8.446551561355590820e-01
-1.359899401664733887e+00
-1.665791124105453491e-01
-5.833243727684020996e-01
-4.614125490188598633e-01
7.045978307723999023e-01
-6.717389822006225586e-01
-3.624917864799499512e-01
1.856320798397064209e-01
-7.878806591033935547e-01
2.893087863922119141e-01
3.000391721725463867e-01
-3.480362296104431152e-01
2.867041621357202530e-03
2.905601263046264648e-01
-3.280563652515411377e-01
-1.751314699649810791e-01
-5.111415982246398926e-01
