4.380358457565307617e-01
-2.213515639305114746e-01
9.826999902725219727e-02
2.614439725875854492e-01
-6.315048336982727051e-01
-9.475436806678771973e-02
-1.732405871152877808e-01
-1.887445300817489624e-01
2.131815850734710693e-01
-4.733699187636375427e-02
1.197937205433845520e-01
-7.240650057792663574e-02
9.339208006858825684e-01
-3.394275009632110596e-01
-1.902112364768981934e-02
-3.939995467662811279e-01
-4.728378951549530029e-01
-5.663763880729675293e-01
-3.559670969843864441e-02
2.322157658636569977e-02
-2.611504495143890381e-01
8.361866697669029236e-03
5.638577938079833984e-01
2.336063235998153687e-01
1.078681945800781250e-01
-9.106421470642089844e-02
6.724426746368408203e-01
-5.153114795684814453e-01
1.802063435316085815e-01
-4.010956883430480957e-01
