2.057362347841262817e-01
-2.596786320209503174e-01
1.497019529342651367e-01
5.539342164993286133e-01
-4.351044595241546631e-01
-2.609418928623199463e-01
2.519053518772125244e-01
-2.607847750186920166e-01
-1.169140785932540894e-01
3.127586543560028076e-01
2.646220624446868896e-01
-4.402664303779602051e-01
2.491371780633926392e-01
-2.447014451026916504e-01
-4.326434731483459473e-01
9.478043764829635620e-02
-7.640258073806762695e-01
-5.346838235855102539e-01
-4.180065095424652100e-01
3.837895765900611877e-02
-3.935406729578971863e-02
2.237686365842819214e-01
5.125703811645507812e-01
-4.706448018550872803e-01
4.272357225418090820e-01
2.724038362503051758e-01
3.197846114635467529e-01
-2.657520771026611328e-01
1.591962128877639771e-01
-3.550767004489898682e-01
