-3.387524783611297607e-01
-1.123298183083534241e-01
1.868714690208435059e-01
-2.582138776779174805e-01
-5.414376407861709595e-02
8.607192337512969971e-02
1.226565837860107422e-01
-1.808860599994659424e-01
-3.460843563079833984e-01
-2.248451560735702515e-01
-3.718632506206631660e-03
1.863000094890594482e-01
9.376221895217895508e-02
-1.532030254602432251e-01
-2.107580900192260742e-01
-4.897819459438323975e-02
6.265829503536224365e-02
1.405032426118850708e-01
-3.725565597414970398e-02
-4.770291037857532501e-03
1.955772191286087036e-02
1.645321696996688843e-01
-2.201762199401855469e-01
2.852724194526672363e-01
2.477275282144546509e-01
1.738778948783874512e-01
-2.435752302408218384e-01
2.207737565040588379e-01
2.009404897689819336e-01
1.865417230874300003e-03
