3.114072978496551514e-01
4.247453808784484863e-02
-5.854838490486145020e-01
2.990620583295822144e-02
1.813070923089981079e-01
-2.046064138412475586e-01
-5.058203935623168945e-01
-4.407431930303573608e-02
3.728950396180152893e-02
5.074328929185867310e-02
-3.317237272858619690e-02
-3.103545010089874268e-01
-2.975700795650482178e-01
7.600976824760437012e-01
-6.157332286238670349e-02
1.038607060909271240e-01
-3.949082195758819580e-01
3.024570345878601074e-01
-7.525216937065124512e-01
-6.181505322456359863e-01
-9.990628957748413086e-01
-6.690488755702972412e-02
-1.629028916358947754e-01
-4.184211492538452148e-01
-2.125006616115570068e-01
4.079797267913818359e-01
-2.066817879676818848e-01
-3.212745189666748047e-01
4.530012607574462891e-01
-3.612110018730163574e-01
