9.286314249038696289e-01
-5.464575290679931641e-01
-1.090933680534362793e-01
9.850746989250183105e-01
-4.463136792182922363e-01
7.545822262763977051e-01
2.110476940870285034e-01
-1.868629455566406250e-01
8.043037652969360352e-01
-3.732741624116897583e-02
1.225916504859924316e+00
-4.141863286495208740e-01
7.229456305503845215e-01
-4.185427725315093994e-01
-1.373696774244308472e-01
-4.441081881523132324e-01
-1.047629117965698242e+00
-4.434520006179809570e-01
4.166167229413986206e-02
-2.702486515045166016e-01
2.991679906845092773e-01
5.196830630302429199e-01
7.010173797607421875e-01
-3.636437356472015381e-01
-3.599059283733367920e-01
-4.845259785652160645e-01
4.255149066448211670e-01
-3.326804041862487793e-01
-9.619447588920593262e-02
6.501302123069763184e-03
