1.335606072098016739e-02
-3.208131790161132812e-01
4.980608224868774414e-01
1.015338525176048279e-01
-5.527244806289672852e-01
-5.202928781509399414e-01
-3.874149620532989502e-01
-6.756383776664733887e-01
-5.617133155465126038e-02
-5.132981538772583008e-01
1.863336563110351562e-01
6.667404770851135254e-01
4.643945693969726562e-01
2.407247722148895264e-01
5.035773385316133499e-03
4.646196067333221436e-01
2.993381023406982422e-01
4.403087496757507324e-01
3.396949768066406250e-01
4.161174222826957703e-02
-4.663888216018676758e-01
-4.483310580253601074e-01
4.337817430496215820e-01
5.582221746444702148e-01
5.815937519073486328e-01
1.700192838907241821e-01
-8.242308348417282104e-02
-1.417587995529174805e-01
3.193086683750152588e-01
6.003686785697937012e-01
