4.635975658893585205e-01
3.802004158496856689e-01
-5.882778763771057129e-01
-1.065860390663146973e+00
-3.597215935587882996e-02
-2.777858078479766846e-01
9.632775187492370605e-02
5.572296380996704102e-01
-4.754887819290161133e-01
-1.828415542840957642e-01
1.616738796234130859e+00
-7.095870971679687500e-01
5.090374946594238281e-01
5.077249407768249512e-01
2.673284709453582764e-01
6.639346480369567871e-02
-5.393573641777038574e-01
-6.923247575759887695e-01
-8.230142295360565186e-02
1.267302751541137695e+00
-5.854558944702148438e-01
-1.664348989725112915e-01
-1.551136095076799393e-02
1.649107486009597778e-01
-2.773441672325134277e-01
-3.313013315200805664e-01
3.606759011745452881e-01
-1.761701703071594238e-01
4.094472229480743408e-01
7.548882365226745605e-01
