1.064097762107849121e+00
-4.976801574230194092e-01
-1.914076656103134155e-01
6.790819764137268066e-01
5.481070876121520996e-01
3.636285066604614258e-01
2.870597317814826965e-02
4.808604717254638672e-01
4.050988852977752686e-01
-7.452469468116760254e-01
-7.733111381530761719e-01
2.494916021823883057e-01
-2.291037142276763916e-01
7.620982527732849121e-01
-5.337703824043273926e-01
4.521638751029968262e-01
8.292149305343627930e-01
1.502055078744888306e-01
5.123493075370788574e-01
-5.041537284851074219e-01
-4.724929928779602051e-01
-4.081100225448608398e-01
-5.536025166511535645e-01
-4.481895864009857178e-01
4.091055989265441895e-01
4.343536496162414551e-01
-8.627188801765441895e-01
4.050540924072265625e-01
3.071112632751464844e-01
3.407415747642517090e-01
