-1.686955392360687256e-01
1.939867585897445679e-01
5.229228362441062927e-02
-3.274009823799133301e-01
-5.768808722496032715e-01
2.550204992294311523e-01
1.896540522575378418e-01
-5.158088207244873047e-01
1.264916956424713135e-01
-5.544770359992980957e-01
3.432858586311340332e-01
-2.406373620033264160e-01
-2.720828726887702942e-02
-4.318883419036865234e-01
5.460918322205543518e-02
7.173132300376892090e-01
-2.697263658046722412e-01
-8.324731588363647461e-01
-5.901429653167724609e-01
4.755252599716186523e-01
8.139446973800659180e-01
-5.096075534820556641e-01
-4.757133722305297852e-01
6.299978494644165039e-01
3.786726891994476318e-01
-7.138336896896362305e-01
5.770472884178161621e-01
-5.019847750663757324e-01
2.240991443395614624e-01
7.686693668365478516e-01
