-7.882791161537170410e-01
-2.035793513059616089e-01
9.925195574760437012e-01
2.716103494167327881e-01
7.744257338345050812e-03
9.647057056427001953e-01
4.804559648036956787e-01
8.275512456893920898e-01
-3.869829475879669189e-01
3.886584937572479248e-01
3.466877043247222900e-01
6.632864475250244141e-01
5.924174189567565918e-01
-1.471175402402877808e-01
7.573723793029785156e-01
4.251569807529449463e-01
-7.021448612213134766e-01
9.472739696502685547e-01
6.514904648065567017e-02
3.170537650585174561e-01
1.312912583351135254e+00
6.148927807807922363e-01
-6.936073303222656250e-01
5.632227063179016113e-01
-3.255538046360015869e-01
-1.850028783082962036e-01
1.622803211212158203e+00
-5.115976333618164062e-01
3.032652735710144043e-01
-2.645065076649188995e-02
