-5.713951587677001953e-01
-5.771579146385192871e-01
-3.120888769626617432e-01
2.483676970005035400e-01
-2.463999241590499878e-01
-3.395426869392395020e-01
5.410600304603576660e-01
-8.075315505266189575e-02
-7.408736348152160645e-01
2.185448855161666870e-01
-5.527251958847045898e-01
-2.936693653464317322e-02
7.046607732772827148e-01
2.367004752159118652e-01
2.204295992851257324e-01
-1.851284652948379517e-01
4.635662734508514404e-01
-3.209949731826782227e-01
1.198645029217004776e-02
-1.799579113721847534e-01
2.856265902519226074e-01
-3.992820382118225098e-01
2.608751654624938965e-01
3.880897760391235352e-01
-5.495766997337341309e-01
-4.138018786907196045e-01
-3.490264117717742920e-01
4.806766211986541748e-01
4.524951279163360596e-01
-3.983816206455230713e-01
