1.293857455253601074e+00
-5.775525048375129700e-02
-2.396714389324188232e-01
-1.301987916231155396e-01
3.924655914306640625e-01
-5.351556837558746338e-02
-3.061856329441070557e-01
7.309775352478027344e-01
-1.933672577142715454e-01
2.294656448066234589e-02
2.548571825027465820e-01
-4.920992553234100342e-01
6.295205652713775635e-02
-6.454544663429260254e-01
-1.137234926223754883e+00
-5.462508201599121094e-01
-6.356294751167297363e-01
-3.214755952358245850e-01
6.319331526756286621e-01
-1.311289548873901367e+00
5.604349374771118164e-01
1.391519159078598022e-01
4.021917283535003662e-01
4.463331997394561768e-01
6.882393360137939453e-01
4.920241236686706543e-01
3.802927732467651367e-01
1.952581256628036499e-01
-6.809581518173217773e-01
5.813949108123779297e-01
