-7.071192860603332520e-01
-6.808215975761413574e-01
4.601358771324157715e-01
5.137056112289428711e-01
4.771533906459808350e-01
-2.376321405172348022e-01
8.980624675750732422e-01
4.522479176521301270e-01
1.292024552822113037e-01
5.438763648271560669e-03
-2.300368100404739380e-01
7.828392982482910156e-01
-2.056567370891571045e-01
-6.862724423408508301e-01
-4.092930853366851807e-01
6.265449523925781250e-01
5.832591652870178223e-01
7.117432951927185059e-01
-7.665889859199523926e-01
-8.232735395431518555e-01
-8.253566622734069824e-01
-8.547046780586242676e-01
9.610660672187805176e-01
8.584457635879516602e-01
-5.105727314949035645e-01
3.672537207603454590e-01
3.052015900611877441e-01
-2.117710709571838379e-01
7.712119221687316895e-01
-5.224037170410156250e-01
