-7.402593493461608887e-01
-6.618682742118835449e-01
-8.250409960746765137e-01
1.071300506591796875e+00
-1.253190636634826660e-01
1.320295810699462891e+00
-3.109868168830871582e-01
-1.507715284824371338e-01
-8.670247793197631836e-01
-4.687760397791862488e-02
1.108398288488388062e-02
-1.852544546127319336e-01
7.597563862800598145e-01
-8.344808220863342285e-02
8.262150287628173828e-01
-5.207989215850830078e-01
1.136757254600524902e+00
-8.635932207107543945e-01
9.660074114799499512e-01
2.264132499694824219e-01
5.636973381042480469e-01
-1.174225211143493652e+00
9.045616984367370605e-01
-5.287098884582519531e-01
-6.068950295448303223e-01
-8.049716353416442871e-01
-5.800303816795349121e-01
-5.362818241119384766e-01
7.807129025459289551e-01
7.683960199356079102e-01
