4.818800091743469238e-01
3.650558590888977051e-01
-5.018716454505920410e-01
-4.156866073608398438e-01
3.520793914794921875e-01
7.329061627388000488e-01
-4.934389889240264893e-02
1.605341732501983643e-01
-5.816624164581298828e-01
-3.210052847862243652e-01
4.784823656082153320e-01
-7.096743583679199219e-01
-3.512834310531616211e-01
-4.587409496307373047e-01
3.381382226943969727e-01
1.107286334037780762e+00
-3.125671446323394775e-01
5.344266295433044434e-01
-1.541768908500671387e-01
-4.325297474861145020e-01
1.719897799193859100e-02
1.098240375518798828e+00
-7.136309146881103516e-01
2.610389590263366699e-01
3.929091989994049072e-02
-8.570902943611145020e-01
8.701406419277191162e-02
-3.412699103355407715e-01
3.163788616657257080e-01
-2.841026186943054199e-01
