5.199427604675292969e-01
7.875470519065856934e-01
4.443500936031341553e-01
2.731122076511383057e-01
2.457558810710906982e-01
-9.631916284561157227e-01
5.204574465751647949e-01
-3.221616744995117188e-01
-2.256391346454620361e-01
4.664684534072875977e-01
-5.554952025413513184e-01
-3.864132165908813477e-01
-3.982722163200378418e-01
6.741895079612731934e-01
6.235738396644592285e-01
-4.469672441482543945e-01
-1.802962422370910645e-01
-2.273641824722290039e-01
-1.011534094810485840e+00
-5.468645095825195312e-01
-4.058739840984344482e-01
1.720256805419921875e-01
4.965523779392242432e-01
-4.012990295886993408e-01
2.936898171901702881e-01
-3.998866677284240723e-01
5.187102556228637695e-01
-7.653958797454833984e-01
-6.611561775207519531e-02
-4.530770778656005859e-01
