-2.273875027894973755e-01
6.010969281196594238e-01
-5.608215928077697754e-01
5.592300295829772949e-01
6.105002760887145996e-01
6.140038371086120605e-01
5.220021605491638184e-01
1.147684007883071899e-01
-4.854098856449127197e-01
-1.039399743080139160e+00
-4.559752643108367920e-01
1.141919970512390137e+00
-8.003101348876953125e-01
1.192008405923843384e-01
9.565711021423339844e-02
1.960013359785079956e-01
-5.132694244384765625e-01
-8.439086079597473145e-01
-4.021796286106109619e-01
8.647646903991699219e-01
4.772214591503143311e-01
1.626711338758468628e-01
7.150541543960571289e-01
-6.429640054702758789e-01
-5.029755234718322754e-01
9.329894185066223145e-01
-4.449543058872222900e-01
4.727266430854797363e-01
5.321995615959167480e-01
1.240882128477096558e-01
