-8.708651065826416016e-01
2.678177058696746826e-01
-1.509156264364719391e-02
-3.947198092937469482e-01
3.220255970954895020e-01
7.774919271469116211e-01
-3.678173720836639404e-01
-4.595475271344184875e-02
-4.081898629665374756e-01
-2.867786288261413574e-01
3.146512210369110107e-01
6.161864381283521652e-03
2.055793702602386475e-01
-6.973873376846313477e-01
6.680510044097900391e-01
6.221558451652526855e-01
6.542110443115234375e-01
-7.803012430667877197e-02
-3.930642306804656982e-01
-1.068521216511726379e-01
8.779320865869522095e-02
4.792506098747253418e-01
-2.415064871311187744e-01
-2.454949170351028442e-01
3.867426812648773193e-01
3.273406326770782471e-01
-4.507787059992551804e-03
4.396259188652038574e-01
-2.310037761926651001e-01
-3.111559450626373291e-01
