-1.396120786666870117e-01
-2.897827625274658203e-01
-2.250781506299972534e-01
-5.807569026947021484e-01
3.204978704452514648e-01
-1.904355287551879883e-01
1.555969864130020142e-01
7.090647518634796143e-02
-5.654401183128356934e-01
-2.434420436620712280e-01
-4.845823645591735840e-01
-6.638569831848144531e-01
-2.592085897922515869e-01
-4.471623897552490234e-01
5.022138357162475586e-01
2.718923985958099365e-01
6.456021070480346680e-01
2.716796100139617920e-01
-2.131873667240142822e-01
-1.836448907852172852e-01
-1.612562388181686401e-01
-3.598819077014923096e-01
5.001762509346008301e-01
-6.271277666091918945e-01
5.539769530296325684e-01
-7.304714918136596680e-01
2.828475832939147949e-01
4.667618274688720703e-01
1.762536019086837769e-01
-1.803687512874603271e-01
