4.396234154701232910e-01
8.179311454296112061e-02
-5.332611799240112305e-01
-3.888879418373107910e-01
-4.826062321662902832e-01
-6.561174988746643066e-01
5.297084450721740723e-01
-1.470501814037561417e-02
-1.612036824226379395e-01
-6.109728217124938965e-01
2.026460319757461548e-01
4.138835072517395020e-01
-2.069366276264190674e-01
-1.874846071004867554e-01
1.491823345422744751e-01
-5.077567100524902344e-01
9.177796840667724609e-01
3.452888429164886475e-01
-8.009619712829589844e-01
3.174876272678375244e-01
2.821217775344848633e-01
1.074118986725807190e-01
8.994861841201782227e-01
6.275205016136169434e-01
1.982149630784988403e-01
-7.653803825378417969e-01
4.640184342861175537e-01
-3.620179891586303711e-01
6.133031249046325684e-01
4.007974863052368164e-01
