-3.001381158828735352e-01
-1.947127878665924072e-01
2.597610652446746826e-01
-1.171995997428894043e-01
2.044170051813125610e-01
-6.447100043296813965e-01
8.427819013595581055e-01
4.346171617507934570e-01
-1.094868108630180359e-01
1.815220713615417480e-01
-6.374523043632507324e-01
1.632039695978164673e-01
-5.176293849945068359e-01
1.090986371040344238e+00
-2.984474897384643555e-01
-6.115542054176330566e-01
1.303960382938385010e-01
4.366918206214904785e-01
1.436200886964797974e-01
-4.397445023059844971e-01
-5.209611058235168457e-01
4.162584245204925537e-01
-5.627105832099914551e-01
4.836445748805999756e-01
-3.731326758861541748e-01
9.822247177362442017e-02
8.532882481813430786e-02
4.700021743774414062e-01
1.983926147222518921e-01
1.114592105150222778e-01
