6.103659868240356445e-01
4.802022594958543777e-03
9.797386825084686279e-02
-2.112599909305572510e-01
3.091377913951873779e-01
-8.655364811420440674e-02
-2.076298184692859650e-02
1.007817685604095459e-01
-1.351867914199829102e-01
-4.831013083457946777e-02
-2.413750141859054565e-01
3.046322762966156006e-01
1.165966019034385681e-01
1.096253991127014160e-01
-2.970904111862182617e-01
-3.529684543609619141e-01
-3.199528157711029053e-01
-3.268541395664215088e-01
1.302888244390487671e-01
1.237402576953172684e-02
1.792525500059127808e-01
-7.681719958782196045e-02
-2.923779189586639404e-01
-1.505980044603347778e-01
1.580118685960769653e-01
3.319441974163055420e-01
4.254417717456817627e-01
7.213878631591796875e-01
-9.252069145441055298e-02
5.638355016708374023e-01
