2.539889514446258545e-01
9.143636226654052734e-01
-6.696528792381286621e-01
7.547330260276794434e-01
6.472400426864624023e-01
-8.800369501113891602e-01
-5.740818977355957031e-01
-4.284719228744506836e-01
-2.298953831195831299e-01
-2.505113184452056885e-01
7.322391271591186523e-01
-5.510341525077819824e-01
-3.062332570552825928e-01
2.227322459220886230e-01
-8.067067861557006836e-01
-3.062919378280639648e-01
5.432070419192314148e-02
6.687242984771728516e-01
4.985076189041137695e-01
-6.257433891296386719e-01
-2.727745473384857178e-01
-5.725219845771789551e-01
2.969865500926971436e-01
-6.897120475769042969e-01
-3.651907742023468018e-01
5.333988666534423828e-01
-6.033125519752502441e-01
4.422568082809448242e-01
3.661728203296661377e-01
-8.401346802711486816e-01
