1.539795752614736557e-02
-7.372352480888366699e-01
-1.486681681126356125e-02
-4.843457341194152832e-01
4.654918331652879715e-03
-3.295391798019409180e-02
-8.375345170497894287e-02
-2.568443715572357178e-01
6.554638966917991638e-03
7.613146305084228516e-01
-5.267364382743835449e-01
4.140201508998870850e-01
7.725571393966674805e-01
-6.980075836181640625e-01
-3.552440702915191650e-01
-1.515048593282699585e-01
7.408971190452575684e-01
-4.181548655033111572e-01
6.293093562126159668e-01
-4.610433280467987061e-01
5.361342430114746094e-01
-9.685532189905643463e-03
-4.917648732662200928e-01
5.517030954360961914e-01
-7.214210033416748047e-01
3.831498026847839355e-01
2.070275098085403442e-01
6.214525103569030762e-01
1.215004920959472656e-01
-5.499407052993774414e-01
