3.555692732334136963e-01
-3.241813182830810547e-01
1.015854328870773315e-01
1.746795624494552612e-01
1.055638715624809265e-01
-5.728786811232566833e-02
-2.355201691389083862e-01
-8.742080628871917725e-02
2.448334246873855591e-01
9.917334467172622681e-02
-7.190131396055221558e-02
-6.580595392733812332e-03
-4.635939300060272217e-01
3.132624030113220215e-01
-2.687738537788391113e-01
3.860411792993545532e-02
1.022310554981231689e-01
1.746572256088256836e-01
2.060804963111877441e-01
2.875798642635345459e-01
-1.243430823087692261e-01
2.166840136051177979e-01
3.845100402832031250e-01
1.801932454109191895e-01
1.614156961441040039e-01
-2.087379992008209229e-01
4.152894616127014160e-01
-8.601375669240951538e-02
-1.589447259902954102e-01
-1.987211555242538452e-01
