-9.904981404542922974e-02
-5.277948379516601562e-01
-3.597365915775299072e-01
2.116733789443969727e-01
6.198388338088989258e-01
-2.757427394390106201e-01
7.001012563705444336e-01
-2.452519387006759644e-01
-2.869504094123840332e-01
7.244680523872375488e-01
5.478239059448242188e-01
-1.638696901500225067e-02
-1.979388594627380371e-01
2.241326272487640381e-01
-4.474512934684753418e-01
-2.966300249099731445e-01
-4.738804996013641357e-01
7.004365324974060059e-01
8.884625434875488281e-01
1.032122611999511719e+00
-1.976930797100067139e-01
1.113080009818077087e-01
5.838478803634643555e-01
-3.678127527236938477e-01
4.747945070266723633e-01
-6.296864151954650879e-01
-8.918333798646926880e-03
-4.164813756942749023e-01
-1.438330276869237423e-03
6.993082165718078613e-01
