9.833577871322631836e-01
-8.068316429853439331e-02
4.659534692764282227e-01
5.343339443206787109e-01
-3.507426381111145020e-01
-1.448428630828857422e-01
-2.275054305791854858e-01
-9.328819513320922852e-01
2.578059136867523193e-01
8.541771769523620605e-01
-3.908695876598358154e-01
-2.845289930701255798e-02
-4.228498339653015137e-01
1.056083664298057556e-01
-7.881107330322265625e-01
5.499135851860046387e-01
3.643334507942199707e-01
-3.388089835643768311e-01
-3.567956984043121338e-01
-2.097460068762302399e-02
5.327780246734619141e-01
3.910853564739227295e-01
-8.791790604591369629e-01
8.537968993186950684e-01
-5.233206152915954590e-01
1.378059387207031250e-01
1.150993853807449341e-01
7.155608385801315308e-02
9.089955091476440430e-01
5.325399637222290039e-01
