-4.392848610877990723e-01
3.507712185382843018e-01
5.376913547515869141e-01
-8.555737137794494629e-01
-8.067116141319274902e-02
1.124548554420471191e+00
-9.428719282150268555e-01
-8.093950152397155762e-01
-7.956952452659606934e-01
-4.667462408542633057e-01
-1.516009271144866943e-01
-4.936673045158386230e-01
3.588378131389617920e-01
1.320971995592117310e-01
1.147020142525434494e-02
-2.001529932022094727e-01
4.870028197765350342e-01
4.946602582931518555e-01
1.091166257858276367e+00
-2.507178783416748047e-01
3.375891149044036865e-01
1.486007273197174072e-01
4.915841221809387207e-01
-7.402431368827819824e-01
6.658356189727783203e-01
1.019951701164245605e-01
1.633309870958328247e-01
-3.369551897048950195e-01
5.286080837249755859e-01
4.893133044242858887e-01
