1.051028072834014893e-01
-9.875754714012145996e-01
-3.883196115493774414e-01
8.362091779708862305e-01
-9.436854720115661621e-01
9.102634340524673462e-02
1.231267750263214111e-01
-7.442229390144348145e-01
9.441758990287780762e-01
-4.182803332805633545e-01
7.542001605033874512e-01
-1.931307166814804077e-01
-3.325781226158142090e-01
-5.957781672477722168e-01
4.295779466629028320e-01
-3.133065402507781982e-01
9.252303838729858398e-01
6.104162931442260742e-01
-5.268930792808532715e-01
5.234464406967163086e-01
-2.173320353031158447e-01
-9.154186397790908813e-02
5.254307389259338379e-01
4.559526592493057251e-02
-6.803933531045913696e-03
9.570499658584594727e-01
5.641179084777832031e-01
-6.844373941421508789e-01
-6.268633008003234863e-01
1.136830449104309082e-01
