8.553166687488555908e-02
4.400097131729125977e-01
8.249347209930419922e-01
-4.993982017040252686e-01
5.506690740585327148e-01
7.292447686195373535e-01
-7.872345298528671265e-02
-4.951097071170806885e-01
-7.954784631729125977e-01
-1.986017674207687378e-01
5.949496030807495117e-01
-5.709897875785827637e-01
9.845300018787384033e-02
-3.722650110721588135e-01
-3.139167129993438721e-01
8.251134753227233887e-01
4.122772719711065292e-03
6.856978684663772583e-02
-4.163894355297088623e-01
7.473319172859191895e-01
1.265578627586364746e+00
-5.878919363021850586e-01
3.359302878379821777e-01
-5.792092680931091309e-01
1.010362729430198669e-01
-8.288658261299133301e-01
-5.769293755292892456e-02
-6.487882882356643677e-02
-2.740290462970733643e-01
-6.885912418365478516e-01
