-4.764573574066162109e-01
2.933389693498611450e-02
5.054955482482910156e-01
-5.905071496963500977e-01
6.115297675132751465e-01
5.514461398124694824e-01
3.389896154403686523e-01
2.066437751054763794e-01
3.340344503521919250e-02
-2.145158946514129639e-01
6.469517946243286133e-02
3.268723785877227783e-01
2.141024172306060791e-01
3.945896923542022705e-01
-4.213399887084960938e-01
2.855016887187957764e-01
3.840347528457641602e-01
6.252520531415939331e-02
7.191573977470397949e-01
3.320362865924835205e-01
3.052935898303985596e-01
3.002678751945495605e-01
3.265725076198577881e-01
-2.180102467536926270e-01
1.692667603492736816e-01
3.500364422798156738e-01
3.761920630931854248e-01
2.639454007148742676e-01
-3.268593847751617432e-01
2.198132127523422241e-01
