6.335715651512145996e-01
2.610850632190704346e-01
-3.058371841907501221e-01
-5.078424811363220215e-01
-3.503638505935668945e-01
4.194820821285247803e-01
-6.239778995513916016e-01
-5.398811101913452148e-01
3.206655383110046387e-01
-2.294421195983886719e-01
-1.536145061254501343e-01
-3.042847514152526855e-01
-4.954696595668792725e-01
-3.563058078289031982e-01
1.386245638132095337e-01
3.707516193389892578e-01
2.933719158172607422e-01
3.122192919254302979e-01
-8.300275206565856934e-01
-1.399474292993545532e-01
6.119217276573181152e-01
2.747430503368377686e-01
-2.588973343372344971e-01
-9.138866513967514038e-02
-4.004117250442504883e-01
-4.564655721187591553e-01
-5.887167453765869141e-01
8.074501156806945801e-02
2.758968472480773926e-01
3.331543207168579102e-01
