-1.019103452563285828e-01
-2.129699736833572388e-01
4.082027077674865723e-01
3.934571146965026855e-01
9.271910041570663452e-02
-1.923180520534515381e-01
1.115103363990783691e-01
4.376091361045837402e-01
-5.325571298599243164e-01
-5.283322334289550781e-01
-1.651843637228012085e-01
-4.850581288337707520e-01
2.001933380961418152e-02
6.120375171303749084e-02
8.458649367094039917e-02
2.420241385698318481e-01
-5.503980517387390137e-01
4.967994987964630127e-01
1.848952174186706543e-01
3.195055127143859863e-01
-3.531619906425476074e-01
-2.288817167282104492e-01
-4.481305181980133057e-01
-1.985005587339401245e-01
-8.153109811246395111e-03
2.404817640781402588e-01
-2.293754518032073975e-01
-1.808562725782394409e-01
-8.884570002555847168e-02
-2.133428752422332764e-01
