1.396976709365844727e-01
1.952166706323623657e-01
-2.688513323664665222e-02
-4.009631872177124023e-01
-4.720497429370880127e-01
-2.824170589447021484e-01
3.237285837531089783e-02
-3.145855069160461426e-01
-8.648065477609634399e-02
1.350306570529937744e-01
-1.832939982414245605e-01
4.401353597640991211e-01
-6.349312514066696167e-02
-6.405619531869888306e-02
1.849340945482254028e-01
1.216559782624244690e-01
-3.337978422641754150e-01
1.895065456628799438e-01
-3.490864932537078857e-01
-2.162368744611740112e-01
2.289666235446929932e-01
-2.242121249437332153e-01
-4.395217821002006531e-02
1.466422975063323975e-01
2.057198584079742432e-01
-1.299408525228500366e-01
3.025122880935668945e-01
5.471773073077201843e-02
-2.201980799436569214e-01
-2.825142145156860352e-01
