-5.449670553207397461e-01
8.021578937768936157e-02
-1.064765229821205139e-01
5.677864700555801392e-02
1.118526011705398560e-01
-1.577160954475402832e-01
6.870792061090469360e-02
1.291928142309188843e-01
-5.222733616828918457e-01
-4.316204190254211426e-01
7.490150928497314453e-01
1.233324930071830750e-01
-7.993501424789428711e-01
5.087870955467224121e-01
-1.665083765983581543e-01
-3.598798513412475586e-01
7.668348401784896851e-02
4.464072883129119873e-01
-4.450990259647369385e-01
-2.029323577880859375e-01
-4.175177589058876038e-02
1.987113058567047119e-01
1.535443365573883057e-01
-4.222948849201202393e-01
-2.268891409039497375e-02
5.594941973686218262e-01
3.633212149143218994e-01
3.836581707000732422e-01
-8.758995532989501953e-01
1.215019728988409042e-02
