2.808498740196228027e-01
-1.064949668943881989e-02
5.854895710945129395e-01
4.590729475021362305e-01
-5.620103478431701660e-01
1.156775206327438354e-01
-4.169027209281921387e-01
-6.113914847373962402e-01
3.282680809497833252e-01
-8.660035729408264160e-01
-5.862838625907897949e-01
1.495144218206405640e-01
-7.845261096954345703e-01
-3.819411620497703552e-02
-3.559324145317077637e-01
-3.364715352654457092e-02
5.053340792655944824e-01
-3.779885172843933105e-01
-7.047232985496520996e-01
4.723182916641235352e-01
2.334620058536529541e-01
-3.072572946548461914e-01
2.010376006364822388e-02
-8.616365194320678711e-01
1.416319131851196289e+00
7.432813048362731934e-01
-5.581643581390380859e-01
6.386174559593200684e-01
5.006352066993713379e-01
8.070986866950988770e-01
