7.248880267143249512e-01
-7.654130458831787109e-01
-6.007329821586608887e-01
-3.356228172779083252e-01
-5.900687351822853088e-02
-5.364147424697875977e-01
-3.001025319099426270e-01
-8.681879639625549316e-01
6.787300109863281250e-01
-2.522567808628082275e-01
-3.362442255020141602e-01
-6.194915175437927246e-01
2.673461735248565674e-01
-2.188919633626937866e-01
-9.030485749244689941e-01
-4.479731023311614990e-01
3.075045645236968994e-01
6.374585032463073730e-01
-3.276094794273376465e-01
-5.642206668853759766e-01
4.685269892215728760e-01
3.705011606216430664e-01
3.445342779159545898e-01
-1.935011744499206543e-01
-5.880456566810607910e-01
4.786170125007629395e-01
-1.249182820320129395e-01
8.935434222221374512e-01
5.932928323745727539e-01
8.593608140945434570e-01
