9.027301073074340820e-01
-2.978787124156951904e-01
3.347038030624389648e-01
-4.349858164787292480e-01
7.051544189453125000e-01
5.132243633270263672e-01
-6.405131816864013672e-01
-7.185730934143066406e-01
7.764115929603576660e-01
9.318141937255859375e-01
5.320487618446350098e-01
9.156305789947509766e-01
9.408824890851974487e-02
8.659869432449340820e-01
2.855922579765319824e-01
5.522786974906921387e-01
3.772246241569519043e-01
2.720299065113067627e-01
-1.074369788169860840e+00
-8.647348731756210327e-02
-1.818838715553283691e-01
-7.070130109786987305e-01
-8.072063326835632324e-01
3.508807420730590820e-01
1.560038924217224121e-01
3.690208196640014648e-01
3.756764233112335205e-01
-3.088233526796102524e-03
1.744434982538223267e-01
-3.180623650550842285e-01
