-5.831986293196678162e-02
8.413240313529968262e-02
-2.485092878341674805e-01
-3.674690797924995422e-02
-5.675589442253112793e-01
-1.361976265907287598e-01
-8.616665750741958618e-02
3.575566411018371582e-01
4.179178476333618164e-01
-7.433776557445526123e-02
2.553749978542327881e-01
-1.632300168275833130e-01
-5.273733753710985184e-03
-4.641188085079193115e-01
-3.182371854782104492e-01
-1.608569920063018799e-02
-2.588800489902496338e-01
-6.847968101501464844e-01
-3.069207072257995605e-01
-4.329580962657928467e-01
3.016941547393798828e-01
-2.577612996101379395e-01
7.780936360359191895e-02
-6.938945651054382324e-01
-1.829015612602233887e-01
2.556232213973999023e-01
3.577105402946472168e-01
2.457869499921798706e-01
-2.903942167758941650e-01
2.863800525665283203e-01
