2.558717131614685059e-01
-4.748303592205047607e-01
-9.690590500831604004e-01
-2.150865793228149414e-01
2.027416825294494629e-01
-1.034410595893859863e+00
5.668997168540954590e-01
8.671729564666748047e-01
3.041354119777679443e-01
-6.177898049354553223e-01
-2.488314211368560791e-01
-3.851087093353271484e-01
-1.242938116192817688e-01
3.931328654289245605e-01
8.075953722000122070e-01
2.234901934862136841e-01
5.914055109024047852e-01
-1.023937702178955078e+00
-1.161397248506546021e-02
-3.681602180004119873e-01
-9.029131531715393066e-01
6.760487705469131470e-02
1.578375138342380524e-02
7.095991373062133789e-01
4.200815260410308838e-01
-9.219030737876892090e-01
-6.968190670013427734e-01
7.657677633687853813e-04
7.050532698631286621e-01
-1.129474956542253494e-02
