1.350843310356140137e-01
-5.692787170410156250e-01
-4.789678156375885010e-01
6.820899844169616699e-01
5.478438735008239746e-01
-4.427919685840606689e-01
5.184101462364196777e-01
5.767512917518615723e-01
3.330849111080169678e-02
-8.391819000244140625e-01
1.615858823060989380e-01
1.347181349992752075e-01
-3.963816165924072266e-01
-3.367086499929428101e-02
2.365936785936355591e-01
-4.829689860343933105e-01
-2.400847710669040680e-02
-6.137954071164131165e-02
1.180880427360534668e+00
1.017466783523559570e+00
7.637552618980407715e-01
2.180991023778915405e-01
-3.352686166763305664e-01
-2.748245000839233398e-01
-5.551254153251647949e-01
-3.375627398490905762e-01
-1.910683959722518921e-01
6.586100906133651733e-02
-7.085276395082473755e-02
-6.842082738876342773e-01
