5.574472546577453613e-01
7.636153697967529297e-02
-5.953067168593406677e-02
-2.185211777687072754e-01
-5.545096397399902344e-01
4.958756566047668457e-01
-8.076474070549011230e-01
-7.688601035624742508e-03
4.154010415077209473e-01
4.823738038539886475e-01
-4.026869237422943115e-01
7.382743954658508301e-01
-4.181819558143615723e-01
-9.082148224115371704e-02
9.965613484382629395e-02
6.693184375762939453e-01
2.503908574581146240e-01
-1.069814786314964294e-01
-6.971769779920578003e-02
-6.776623725891113281e-01
5.244783759117126465e-01
8.599275723099708557e-03
5.741920471191406250e-01
-3.109349012374877930e-01
-1.796222180128097534e-01
-1.311788856983184814e-01
-2.944435775279998779e-01
-1.450731903314590454e-01
3.401790857315063477e-01
2.024774402379989624e-01
