2.860929071903228760e-01
4.160317033529281616e-02
-4.696829617023468018e-01
3.119240403175354004e-01
4.677646756172180176e-01
-5.008190274238586426e-01
-2.749081850051879883e-01
-6.473996043205261230e-01
2.515843510627746582e-01
-8.091517090797424316e-01
-3.601159155368804932e-01
-1.098777353763580322e-01
-7.626172900199890137e-01
4.334426820278167725e-01
-8.221839070320129395e-01
-4.591943025588989258e-01
-5.339430570602416992e-01
-3.251819312572479248e-02
-4.038245081901550293e-01
-8.462179452180862427e-02
1.172923371195793152e-01
-3.225314617156982422e-01
3.555079996585845947e-01
-1.432920932769775391e+00
1.505362093448638916e-01
-4.033015966415405273e-01
-7.986169308423995972e-03
-9.393811225891113281e-01
8.452901989221572876e-02
3.532975316047668457e-01
