6.764373183250427246e-01
-4.418390393257141113e-01
-5.610097572207450867e-02
4.002727866172790527e-01
-7.616011053323745728e-02
-7.395943403244018555e-01
-3.037575781345367432e-01
-3.664712011814117432e-01
-1.913587152957916260e-01
-8.337358832359313965e-01
-8.131601214408874512e-01
-6.529015302658081055e-01
-2.361900955438613892e-01
-5.949798226356506348e-01
-6.017734408378601074e-01
-8.846969343721866608e-03
-3.297886252403259277e-01
-8.948534131050109863e-01
1.805659085512161255e-01
-1.633911132812500000e-01
3.637094497680664062e-01
1.554461717605590820e-01
7.678172588348388672e-01
-4.632520675659179688e-01
-4.037606418132781982e-01
5.454860255122184753e-02
-1.056140437722206116e-01
3.423984646797180176e-01
5.831028223037719727e-01
-6.194429099559783936e-02
