-2.350955456495285034e-01
1.495892852544784546e-01
-3.740963637828826904e-01
3.022150695323944092e-01
-3.061951696872711182e-01
7.460186630487442017e-02
-5.844129323959350586e-01
-3.712815940380096436e-01
1.050782442092895508e+00
3.746481835842132568e-01
6.094466447830200195e-01
-9.418705105781555176e-02
7.035915553569793701e-02
-3.156499564647674561e-01
-5.492128729820251465e-01
-1.111534982919692993e-01
6.058662533760070801e-01
-2.484409213066101074e-01
4.977067708969116211e-01
-6.519971489906311035e-01
2.539731860160827637e-01
-6.000949144363403320e-01
-8.149648904800415039e-01
-2.721347510814666748e-01
1.972098499536514282e-01
1.161708831787109375e-01
2.277978062629699707e-01
7.867864966392517090e-01
3.090532422065734863e-01
-6.098750829696655273e-01
