-2.178153246641159058e-01
-7.279412448406219482e-02
-3.888674676418304443e-01
-5.090917944908142090e-01
-9.025488793849945068e-02
-2.388600818812847137e-02
-7.963819056749343872e-02
5.673091411590576172e-01
1.515188068151473999e-01
-1.531421840190887451e-01
-4.834763705730438232e-01
-1.110786646604537964e-01
-2.822008430957794189e-01
1.440047472715377808e-01
1.953029483556747437e-01
1.333954930305480957e-01
1.021101355552673340e+00
4.517113864421844482e-01
7.625796794891357422e-01
-2.191016525030136108e-01
8.930473029613494873e-02
2.240576744079589844e-01
-3.328205347061157227e-01
4.909295141696929932e-01
2.468910962343215942e-01
-3.211231231689453125e-01
-4.328089058399200439e-01
-2.324420511722564697e-01
2.040339261293411255e-01
-1.642692685127258301e-01
