4.717604815959930420e-02
2.013624012470245361e-01
5.763919651508331299e-02
2.113469541072845459e-01
-1.028880700469017029e-01
-3.946566879749298096e-01
2.035527676343917847e-01
-4.859031364321708679e-02
-6.508209705352783203e-01
-3.174000680446624756e-01
-9.261229634284973145e-01
-9.733965992927551270e-01
2.865992784500122070e-01
-1.607766598463058472e-01
-1.320360898971557617e-01
-2.255506515502929688e-01
-6.660063862800598145e-01
-1.737969815731048584e-01
3.864131271839141846e-01
-3.301800787448883057e-01
2.399328052997589111e-01
-1.860810816287994385e-01
-1.013522624969482422e+00
-9.119110107421875000e-01
-4.388583004474639893e-01
3.819350898265838623e-01
-4.757094979286193848e-01
8.838804364204406738e-01
-6.319312453269958496e-01
7.924136519432067871e-01
