5.949955061078071594e-02
4.453780651092529297e-01
7.832276076078414917e-02
-1.706033349037170410e-01
-3.610781729221343994e-01
-3.642165064811706543e-01
3.316129446029663086e-01
-1.719528518151491880e-05
-3.308409452438354492e-01
-4.862180650234222412e-01
-2.462713867425918579e-01
3.209641575813293457e-01
2.643347978591918945e-01
3.693524301052093506e-01
6.243739649653434753e-02
2.260555475950241089e-01
-7.551947236061096191e-02
2.724477946758270264e-01
-3.349048197269439697e-01
-5.889521837234497070e-01
-4.774526655673980713e-01
-8.518140763044357300e-02
-4.572433233261108398e-01
6.681383401155471802e-02
-4.467897415161132812e-01
-4.268144965171813965e-01
-3.322781249880790710e-02
-1.888892948627471924e-01
2.566518485546112061e-01
-9.514631330966949463e-02
