8.689318597316741943e-02
-2.890245318412780762e-01
-6.184114217758178711e-01
-2.353672087192535400e-01
2.065200358629226685e-01
-1.798163354396820068e-02
1.710625290870666504e-01
3.827674090862274170e-01
-7.872900366783142090e-01
-4.272980391979217529e-01
2.462519407272338867e-01
1.238594278693199158e-01
-9.111762791872024536e-02
-2.655253112316131592e-01
-2.178506106138229370e-01
3.619975745677947998e-01
-4.272866547107696533e-01
3.031939566135406494e-01
4.411870241165161133e-01
-5.487449001520872116e-03
2.758163213729858398e-01
2.765815258026123047e-01
-1.605957001447677612e-02
3.027923405170440674e-01
3.184063136577606201e-01
1.348099857568740845e-01
2.402486950159072876e-01
-2.971694767475128174e-01
-3.423187732696533203e-01
3.100776374340057373e-01
