-8.698701262474060059e-01
3.028088212013244629e-01
6.468061208724975586e-01
-7.513759136199951172e-01
3.851750195026397705e-01
1.117395877838134766e+00
-2.717481851577758789e-01
5.341816544532775879e-01
-6.182931661605834961e-01
-7.963486313819885254e-01
8.108315467834472656e-01
-4.518334865570068359e-01
-5.623891353607177734e-01
8.289999961853027344e-01
-8.985896408557891846e-02
-5.899779200553894043e-01
-4.249916598200798035e-02
1.054567337036132812e+00
-5.426281690597534180e-01
-1.165349721908569336e+00
-5.368015170097351074e-01
4.143672585487365723e-01
-4.733511209487915039e-01
-8.347495794296264648e-01
5.673845410346984863e-01
3.576042950153350830e-01
3.522954285144805908e-01
7.965672016143798828e-01
8.670116662979125977e-01
6.192864179611206055e-01
