4.022915959358215332e-01
2.068097293376922607e-01
-1.551696658134460449e-01
5.751211047172546387e-01
-5.470629036426544189e-02
-3.586965203285217285e-01
5.392137765884399414e-01
-5.284737944602966309e-01
3.230877220630645752e-01
2.343593239784240723e-01
-5.477991700172424316e-01
6.133024692535400391e-01
3.145127324387431145e-03
1.347933150827884674e-02
7.463433742523193359e-01
5.748012661933898926e-01
-1.907085627317428589e-01
2.577783763408660889e-01
-1.079301238059997559e-01
-6.188127994537353516e-01
6.769443750381469727e-01
1.836201846599578857e-01
4.824153184890747070e-01
9.340209960937500000e-01
-3.400660455226898193e-01
-5.535705089569091797e-01
8.183347433805465698e-02
6.111081838607788086e-01
5.367382168769836426e-01
5.553423762321472168e-01
