6.042926311492919922e-01
7.837121486663818359e-01
6.993659138679504395e-01
-5.434290766716003418e-01
6.873893737792968750e-02
-9.642975032329559326e-02
3.916799128055572510e-01
-5.691815614700317383e-01
-5.817466974258422852e-01
4.793496727943420410e-01
-5.670989751815795898e-01
8.987088799476623535e-01
-8.631598949432373047e-01
-3.455621600151062012e-01
-1.033801913261413574e+00
1.160390302538871765e-01
-5.246224999427795410e-01
-8.346701413393020630e-02
-1.392466127872467041e-01
-1.548895495943725109e-03
4.228554069995880127e-01
-7.540737837553024292e-02
1.771653741598129272e-01
-5.204338580369949341e-03
3.428906500339508057e-01
-5.053405761718750000e-01
5.105865597724914551e-01
-8.147571682929992676e-01
-5.414179712533950806e-02
-1.310497820377349854e-01
