-3.724433481693267822e-01
1.092177182435989380e-01
-7.109019905328750610e-02
4.556464850902557373e-01
-2.992989420890808105e-01
5.940604209899902344e-01
-1.955566406250000000e-01
2.311960160732269287e-01
2.108428180217742920e-01
-2.644957602024078369e-01
2.876138091087341309e-01
2.038009613752365112e-01
1.699525862932205200e-01
2.226664721965789795e-01
2.322599440813064575e-01
-2.932220399379730225e-01
-2.424328178167343140e-01
2.600056529045104980e-01
-1.919561773538589478e-01
2.935546040534973145e-01
4.518148005008697510e-01
-2.361318767070770264e-01
-4.419081807136535645e-01
1.697173267602920532e-01
6.103501468896865845e-02
-6.746973842382431030e-02
9.619613736867904663e-02
-1.152726635336875916e-01
8.241352438926696777e-02
-2.160369753837585449e-01
