8.980754762887954712e-02
-3.921857178211212158e-01
-7.960892468690872192e-02
3.034576475620269775e-01
-4.670994281768798828e-01
-4.057802855968475342e-01
3.768563866615295410e-01
-3.214277327060699463e-01
1.813365221023559570e-01
8.002446033060550690e-03
1.663480997085571289e-01
-5.013200640678405762e-01
6.342602372169494629e-01
-4.906314015388488770e-01
4.679580330848693848e-01
2.029384113848209381e-02
4.798777699470520020e-01
6.225322484970092773e-01
5.116742849349975586e-01
-4.985327124595642090e-01
-1.747331768274307251e-01
5.338975191116333008e-01
-3.141035139560699463e-01
-4.221000969409942627e-01
6.941454410552978516e-01
1.621405035257339478e-01
-1.706717461347579956e-01
-5.753227323293685913e-02
-1.304346323013305664e-02
-7.285698652267456055e-01
