-3.732138574123382568e-01
-3.294699192047119141e-01
-1.357192099094390869e-01
-3.551799803972244263e-02
-6.619599461555480957e-02
1.771725863218307495e-01
8.565176278352737427e-03
1.766204386949539185e-01
-3.458926379680633545e-01
3.443885147571563721e-01
-1.040587425231933594e-01
1.561836004257202148e-01
-1.851087249815464020e-02
1.376398205757141113e-01
2.087160050868988037e-01
-1.615940928459167480e-01
-1.290265470743179321e-01
-1.335768997669219971e-01
1.616609841585159302e-02
4.076672494411468506e-01
3.079688549041748047e-01
3.912261128425598145e-02
-2.319242656230926514e-01
4.655267596244812012e-01
-1.690453886985778809e-01
2.578110396862030029e-01
2.570239007472991943e-01
-2.355347275733947754e-01
1.223894506692886353e-01
-1.900495588779449463e-01
