2.043643146753311157e-01
1.422310769557952881e-01
-4.504323303699493408e-01
1.831626147031784058e-01
-4.797314107418060303e-02
-1.627427488565444946e-01
-2.328607589006423950e-01
-1.713278889656066895e-01
-3.183236122131347656e-01
-2.321493774652481079e-01
4.319664239883422852e-01
3.276864290237426758e-01
1.935201138257980347e-01
-3.246324956417083740e-01
3.533505201339721680e-01
1.174165084958076477e-01
-2.180113941431045532e-01
-4.006602168083190918e-01
-2.800081372261047363e-01
1.663695126771926880e-01
-2.634585499763488770e-01
-1.488321721553802490e-01
1.008196249604225159e-01
3.627674877643585205e-01
1.307089924812316895e-01
2.411407232284545898e-01
-1.819801926612854004e-01
-1.309418827295303345e-01
-2.769800275564193726e-02
-1.999110579490661621e-01
