-9.821306169033050537e-02
-3.682138323783874512e-01
5.786566138267517090e-01
-3.209596276283264160e-01
2.361537367105484009e-01
4.525271356105804443e-01
6.556501239538192749e-02
-1.510768830776214600e-01
-4.189962744712829590e-01
-2.264545410871505737e-01
5.319521427154541016e-01
1.208944022655487061e-01
4.479371011257171631e-01
6.368797421455383301e-01
3.250344991683959961e-01
9.026329964399337769e-02
-1.393592450767755508e-02
-3.563683331012725830e-01
-3.492406606674194336e-01
-3.887150883674621582e-01
2.989756464958190918e-01
1.791897714138031006e-01
-3.762390613555908203e-01
1.696968525648117065e-01
2.436976283788681030e-01
-4.325993657112121582e-01
2.653250396251678467e-01
8.592734485864639282e-02
4.217207431793212891e-02
8.894703388214111328e-01
