-7.770552486181259155e-02
-8.611422777175903320e-02
4.667351245880126953e-01
-4.427717328071594238e-01
-2.536719739437103271e-01
4.804879128932952881e-01
9.378381967544555664e-01
-1.012618914246559143e-01
1.854353696107864380e-01
3.872422873973846436e-01
2.122870236635208130e-01
5.490723252296447754e-01
5.825346708297729492e-01
-3.263667225837707520e-01
-2.978062331676483154e-01
2.036950737237930298e-01
5.040872097015380859e-01
2.370564788579940796e-01
-4.119932055473327637e-01
5.099776983261108398e-01
6.731697320938110352e-01
4.109460115432739258e-01
-5.764235854148864746e-01
5.010488033294677734e-01
7.864009737968444824e-01
-3.375265002250671387e-01
-8.297781348228454590e-01
-1.583359092473983765e-01
3.930491209030151367e-01
-1.870787441730499268e-01
