-2.810321748256683350e-01
8.188992738723754883e-02
-7.012180984020233154e-02
-1.845905333757400513e-01
2.136610150337219238e-01
2.472797334194183350e-01
-4.153959751129150391e-01
-2.168423831462860107e-01
-1.583335101604461670e-01
-1.902420967817306519e-01
3.292745724320411682e-02
-4.347310662269592285e-01
2.119018137454986572e-01
-2.958913743495941162e-01
4.915953874588012695e-01
-1.337151825428009033e-01
-1.068459823727607727e-01
-5.216360688209533691e-01
1.867175847291946411e-02
9.594572335481643677e-02
2.802382409572601318e-01
4.265236556529998779e-01
-1.431587934494018555e-01
3.656153082847595215e-01
-1.880315393209457397e-01
-3.708073496818542480e-01
-5.385299921035766602e-01
-3.009877800941467285e-01
-3.417274951934814453e-01
-1.514264792203903198e-01
