2.492881566286087036e-01
5.045067146420478821e-02
4.620647430419921875e-01
-1.006093621253967285e+00
-7.490217089653015137e-01
6.963343620300292969e-01
-2.532002627849578857e-01
3.495257198810577393e-01
-8.167076855897903442e-02
2.375207543373107910e-01
-8.841307759284973145e-01
-5.722749829292297363e-01
1.989906281232833862e-01
4.124259948730468750e-01
4.580286741256713867e-01
6.439933776855468750e-01
1.166146159172058105e+00
2.754438668489456177e-02
-7.528961300849914551e-01
4.571840167045593262e-01
-4.011917114257812500e-01
5.882154107093811035e-01
-3.614097237586975098e-01
4.948483407497406006e-01
-2.234070003032684326e-01
3.194210529327392578e-01
5.986602902412414551e-01
-5.589312911033630371e-01
3.074578344821929932e-01
-3.239211142063140869e-01
