1.678328067064285278e-01
6.464357972145080566e-01
-5.240921974182128906e-01
-4.338882863521575928e-01
-3.863701224327087402e-01
-2.402372211217880249e-01
9.820624440908432007e-02
-4.605968594551086426e-01
5.437142848968505859e-01
2.698916941881179810e-02
2.771051228046417236e-01
9.775541424751281738e-01
-7.152564525604248047e-01
-6.469771862030029297e-01
-1.674721390008926392e-01
-3.175967931747436523e-01
2.518818378448486328e-01
4.842057824134826660e-01
-6.334238648414611816e-01
-3.874763548374176025e-01
-3.118883967399597168e-01
8.475844860076904297e-01
-8.167221546173095703e-01
4.860492348670959473e-01
6.753742098808288574e-01
6.753903031349182129e-01
-2.052094042301177979e-01
-1.080668807029724121e+00
-7.182290554046630859e-01
4.289737045764923096e-01
