1.169383600354194641e-01
-2.978673279285430908e-01
-1.632658243179321289e-01
-4.589482843875885010e-01
3.366207778453826904e-01
3.252840936183929443e-01
4.731152355670928955e-01
2.460227906703948975e-02
1.731220483779907227e-01
-4.671441018581390381e-01
-1.749104559421539307e-01
3.159968554973602295e-01
-4.341867566108703613e-01
-1.007322594523429871e-01
-1.054794192314147949e-01
4.744639992713928223e-01
6.447473168373107910e-01
2.101380974054336548e-01
2.681407034397125244e-01
-2.629001736640930176e-01
2.891209125518798828e-01
8.525198101997375488e-01
-4.184661507606506348e-01
-1.766280978918075562e-01
-4.927293062210083008e-01
6.313323378562927246e-01
-1.123325154185295105e-02
1.599810570478439331e-01
-2.369822561740875244e-01
2.937713563442230225e-01
