-2.351427264511585236e-02
6.695641279220581055e-01
5.522970557212829590e-01
5.806492641568183899e-02
-4.786748886108398438e-01
3.977478742599487305e-01
1.952947378158569336e-01
-2.847303748130798340e-01
4.556006491184234619e-01
2.441066317260265350e-03
6.742418408393859863e-01
7.172698378562927246e-01
-1.148701786994934082e+00
3.291431814432144165e-02
-2.597320377826690674e-01
1.753632724285125732e-01
5.391125082969665527e-01
-2.957304120063781738e-01
5.963327288627624512e-01
-5.488193631172180176e-01
-4.550367593765258789e-01
3.178903460502624512e-01
-5.370215773582458496e-01
-3.681298196315765381e-01
-2.159532010555267334e-01
-2.261875569820404053e-01
1.931662410497665405e-01
-1.715670973062515259e-01
-2.401059567928314209e-01
-5.840799212455749512e-02
