-3.073336482048034668e-01
-4.223619401454925537e-01
1.555383354425430298e-01
3.858230113983154297e-01
7.235891222953796387e-01
-6.163219213485717773e-01
3.928857743740081787e-01
3.863069415092468262e-01
2.584867179393768311e-01
-3.592115342617034912e-01
-2.145094871520996094e-01
-9.076834321022033691e-01
7.650870084762573242e-02
7.107466459274291992e-02
-3.088245689868927002e-01
-5.598248839378356934e-01
2.483156621456146240e-01
4.581659734249114990e-01
-2.452326267957687378e-01
1.241781041026115417e-01
-2.249885350465774536e-01
8.859195113182067871e-01
6.727070808410644531e-01
4.169152081012725830e-01
2.731774747371673584e-01
-3.215239346027374268e-01
3.049029707908630371e-01
-8.752502501010894775e-03
3.260672464966773987e-02
-3.868201076984405518e-01
