2.916922271251678467e-01
-1.011174395680427551e-01
2.697745859622955322e-01
-2.374649643898010254e-01
3.886085152626037598e-01
3.695318102836608887e-01
-1.514102369546890259e-01
1.325254701077938080e-02
1.368073374032974243e-01
1.213440671563148499e-01
2.210795730352401733e-01
-2.525418102741241455e-01
-3.705346286296844482e-01
-1.891302466392517090e-01
2.300974428653717041e-01
-3.468867838382720947e-01
1.337500065565109253e-01
-1.671871691942214966e-01
3.334501385688781738e-01
1.640087664127349854e-01
1.849924623966217041e-01
-2.365909516811370850e-01
1.668672636151313782e-02
-1.303636431694030762e-01
-7.967817783355712891e-02
-6.703128218650817871e-01
5.289734005928039551e-01
2.771714031696319580e-01
2.702610492706298828e-01
-3.048116564750671387e-01
