6.062834262847900391e-01
-3.529520332813262939e-01
1.281861066818237305e-01
-3.363415896892547607e-01
5.864611268043518066e-01
3.780505061149597168e-01
-3.788640499114990234e-01
3.217750042676925659e-02
9.276032447814941406e-02
-3.524332344532012939e-01
3.690452277660369873e-01
3.938416540622711182e-01
4.889519214630126953e-01
-1.956819891929626465e-01
1.410516947507858276e-01
2.108304202556610107e-01
1.107121407985687256e-01
4.041670262813568115e-02
-2.658635973930358887e-01
5.024313330650329590e-01
-4.759464561939239502e-01
2.062542736530303955e-01
3.160009384155273438e-01
3.692762851715087891e-01
-5.315358042716979980e-01
3.562573194503784180e-01
-4.433400034904479980e-01
1.362678647041320801e+00
-9.698195755481719971e-02
-6.480201482772827148e-01
