-4.659934937953948975e-01
-1.062471643090248108e-01
5.840997099876403809e-01
-5.642487406730651855e-01
6.030425429344177246e-01
-3.465218245983123779e-01
6.331396102905273438e-01
-6.861254107207059860e-03
-4.401743710041046143e-01
4.089313559234142303e-03
-1.893010139465332031e-01
5.688633918762207031e-01
-1.781911402940750122e-01
9.847870469093322754e-02
2.216866463422775269e-01
3.608459830284118652e-01
-3.563261777162551880e-02
-1.983312219381332397e-01
-2.179415374994277954e-01
3.887768089771270752e-01
-6.345793604850769043e-02
1.684044138528406620e-03
-1.003697216510772705e-01
-3.818130493164062500e-01
-4.702600538730621338e-01
2.032224237918853760e-01
-2.222166955471038818e-01
4.844360351562500000e-01
-7.204936146736145020e-01
-2.761392295360565186e-01
