7.859802246093750000e-02
-8.309438079595565796e-02
9.317616373300552368e-02
-2.587711066007614136e-02
-8.788986504077911377e-02
6.886372715234756470e-02
-3.824233636260032654e-02
-1.289742290973663330e-01
3.907087072730064392e-02
9.869705885648727417e-02
1.165684610605239868e-01
-1.170170400291681290e-02
8.499497175216674805e-02
3.604671452194452286e-03
2.815267816185951233e-02
-3.852402046322822571e-02
5.266281962394714355e-02
-1.657757014036178589e-01
8.339323848485946655e-02
5.098994076251983643e-02
2.032093703746795654e-02
1.032072454690933228e-01
6.141294911503791809e-02
-1.326830126345157623e-03
2.753102965652942657e-02
3.958249837160110474e-02
1.450893431901931763e-01
3.628373378887772560e-03
-2.099032551050186157e-01
-8.933588117361068726e-02
