1.014848589897155762e+00
1.928291916847229004e-01
-1.760060071945190430e+00
2.416001167148351669e-03
6.692538261413574219e-01
2.678371667861938477e-01
-2.257918119430541992e-01
4.020459353923797607e-01
-5.041739344596862793e-01
-1.469695568084716797e+00
4.946843683719635010e-01
3.010382652282714844e-01
2.573288083076477051e-01
-1.597533375024795532e-01
2.346494048833847046e-01
7.015067934989929199e-01
-7.105906009674072266e-01
-7.514284253120422363e-01
-8.225378394126892090e-02
-3.537201583385467529e-01
6.393176317214965820e-01
-1.719968169927597046e-01
-1.519659310579299927e-01
-5.076816678047180176e-01
-6.055843234062194824e-01
7.032388448715209961e-01
-5.588279962539672852e-01
6.314496397972106934e-01
-6.420621275901794434e-01
3.987272679805755615e-01
