1.832183599472045898e-01
-1.262160658836364746e+00
1.123906850814819336e+00
6.463676691055297852e-01
6.261621713638305664e-01
7.343753576278686523e-01
2.617150247097015381e-01
-9.614741802215576172e-01
-4.677154421806335449e-01
-6.678951978683471680e-01
1.072005748748779297e+00
-2.491122782230377197e-01
4.988368153572082520e-01
-1.344976186752319336e+00
-4.380502998828887939e-01
3.374469876289367676e-01
-5.198006033897399902e-01
-1.260209560394287109e+00
-6.792684197425842285e-01
3.785311579704284668e-01
3.801062405109405518e-01
-5.639682412147521973e-01
7.954578399658203125e-01
-5.754706263542175293e-01
-8.333009481430053711e-01
-9.382752329111099243e-02
8.438611626625061035e-01
-6.595871448516845703e-01
2.880343496799468994e-01
-7.428324222564697266e-01
