6.758398413658142090e-01
4.016557335853576660e-02
9.870508313179016113e-02
-3.481999039649963379e-02
7.631206512451171875e-01
-3.506683409214019775e-01
-1.023059524595737457e-02
-5.606546998023986816e-01
3.160193562507629395e-01
8.473644256591796875e-01
-1.069504618644714355e+00
2.406459003686904907e-01
-2.056251838803291321e-02
-1.356328129768371582e-01
8.830797076225280762e-01
6.566826701164245605e-01
4.654063284397125244e-01
-1.785340718924999237e-02
-4.502404928207397461e-01
-8.361992835998535156e-01
-2.468893378973007202e-01
4.888100326061248779e-01
8.867382258176803589e-02
-6.869058012962341309e-01
7.047193050384521484e-01
7.216390371322631836e-01
-6.512430310249328613e-01
4.885834455490112305e-01
8.989069610834121704e-02
-4.047388434410095215e-01
