9.485798478126525879e-01
3.026017546653747559e-01
-9.909900426864624023e-01
-4.635716378688812256e-01
5.441238880157470703e-01
1.468139141798019409e-01
-2.799078822135925293e-01
-1.767648160457611084e-01
8.146302103996276855e-01
1.136393785476684570e+00
-9.139978289604187012e-01
-2.532397210597991943e-01
1.766835153102874756e-01
3.357142508029937744e-01
4.098506867885589600e-01
2.739602327346801758e-01
3.034824430942535400e-01
-4.955670237541198730e-01
-1.408203005790710449e+00
4.797922968864440918e-01
4.347346127033233643e-01
-2.208778709173202515e-01
-2.175688892602920532e-01
1.205020546913146973e-01
3.798119425773620605e-01
-8.782232552766799927e-02
2.567830979824066162e-01
-3.910214602947235107e-01
-3.527136892080307007e-02
3.069980815052986145e-02
