-6.155607700347900391e-01
-3.701129257678985596e-01
-6.082835197448730469e-01
-6.617932319641113281e-01
3.574660420417785645e-01
1.700831204652786255e-02
-5.846777558326721191e-01
2.573397457599639893e-01
-3.086627423763275146e-01
-4.597985744476318359e-01
-2.067389488220214844e-01
-9.775704741477966309e-01
5.989526584744453430e-02
1.442821025848388672e-01
-3.825508952140808105e-01
5.676373839378356934e-01
-7.243535518646240234e-01
-8.228566050529479980e-01
-8.846130371093750000e-01
-4.466332495212554932e-01
-3.973938226699829102e-01
-8.405404090881347656e-01
-4.099369347095489502e-01
2.731011211872100830e-01
3.287225365638732910e-01
3.350132405757904053e-01
5.862868428230285645e-01
-6.899497509002685547e-01
5.744587257504463196e-02
-2.697169780731201172e-01
