-8.334984779357910156e-01
3.488291054964065552e-02
4.802742302417755127e-01
8.510214090347290039e-01
6.843376755714416504e-01
3.002914190292358398e-01
9.973043203353881836e-01
3.986858725547790527e-01
6.295719742774963379e-01
7.463219165802001953e-01
2.744732201099395752e-01
3.954048454761505127e-01
2.692605257034301758e-01
-9.767630100250244141e-01
-7.365750670433044434e-01
5.754104256629943848e-02
-3.504263162612915039e-01
8.037335276603698730e-01
5.054853558540344238e-01
6.755445003509521484e-01
-7.700885534286499023e-01
6.363557577133178711e-01
7.523798346519470215e-01
-7.517138123512268066e-01
-5.872139930725097656e-01
-8.512174487113952637e-01
-3.339057862758636475e-01
-7.753555774688720703e-01
1.827674359083175659e-01
-6.053659915924072266e-01
