-9.176225066184997559e-01
-5.776885747909545898e-01
-7.152434587478637695e-01
7.430157661437988281e-01
-1.904224753379821777e-01
1.150904074311256409e-01
-4.360515475273132324e-01
3.042818009853363037e-01
-1.425139158964157104e-01
4.523804485797882080e-01
4.641378521919250488e-01
1.042046546936035156e+00
-6.793799810111522675e-03
-2.029906064271926880e-01
6.754097938537597656e-01
-2.768074274063110352e-01
-5.513833761215209961e-01
7.090508341789245605e-01
4.835369586944580078e-01
6.138644218444824219e-01
-6.330296993255615234e-01
4.102662801742553711e-01
3.142204880714416504e-01
7.795315384864807129e-01
-9.371709823608398438e-02
3.278262615203857422e-01
3.544723987579345703e-01
1.456792950630187988e-01
2.435485273599624634e-01
-5.093545913696289062e-01
