-1.118453145027160645e-01
-1.220860108733177185e-01
3.889514505863189697e-01
-6.624278426170349121e-02
-3.247794806957244873e-01
3.095914721488952637e-01
1.163064315915107727e-02
-1.966748386621475220e-01
2.443946897983551025e-01
-3.144865334033966064e-01
-1.062348261475563049e-01
-4.019790142774581909e-02
1.472683399915695190e-01
4.068244695663452148e-01
-9.667479246854782104e-02
5.529645085334777832e-01
-2.155353575944900513e-01
-1.444519311189651489e-01
3.552015423774719238e-01
2.424142807722091675e-01
-7.479362487792968750e-01
-2.150626182556152344e-01
1.634468287229537964e-01
3.338952362537384033e-01
-3.450857102870941162e-01
-3.082763850688934326e-01
-3.359968960285186768e-01
-1.008889600634574890e-01
-2.890180349349975586e-01
-2.411930710077285767e-01
