-3.608027398586273193e-01
4.011750817298889160e-01
3.585985302925109863e-01
-1.441484987735748291e-01
3.398108184337615967e-01
-5.709354877471923828e-01
4.182010293006896973e-01
-3.780803680419921875e-01
-1.901275664567947388e-01
3.996208608150482178e-01
-3.967138230800628662e-01
2.271466851234436035e-01
-3.171727061271667480e-01
-2.073741704225540161e-01
4.725353121757507324e-01
1.197348348796367645e-02
3.853448927402496338e-01
-8.077107369899749756e-02
-3.189258277416229248e-01
-2.895964980125427246e-01
3.743209540843963623e-01
-1.880550384521484375e-01
3.597289621829986572e-01
1.943111419677734375e-01
4.425397515296936035e-01
5.483367443084716797e-01
-3.384955525398254395e-01
-1.424609124660491943e-01
3.772531151771545410e-01
-2.484333235770463943e-03
