-2.602977156639099121e-01
-3.587114214897155762e-01
4.434584379196166992e-01
-1.328477263450622559e-01
-1.964207440614700317e-01
2.286853045225143433e-01
-2.731993198394775391e-01
3.495986163616180420e-01
-2.084604203701019287e-01
7.031562924385070801e-01
5.343838334083557129e-01
-1.548049747943878174e-01
2.565531134605407715e-01
6.277823448181152344e-01
-3.564194142818450928e-01
-1.839341409504413605e-02
5.659216046333312988e-01
-6.129340529441833496e-01
-4.790890514850616455e-01
3.906061053276062012e-01
-2.854617834091186523e-01
-5.191771984100341797e-01
-1.177658736705780029e-01
3.780978322029113770e-01
7.087708264589309692e-02
-3.177953362464904785e-01
1.092765927314758301e+00
-4.761491119861602783e-01
5.372339487075805664e-01
1.422787904739379883e-01
