-1.202395439147949219e+00
-3.604712784290313721e-01
6.358330249786376953e-01
2.454160153865814209e-01
7.942628264427185059e-01
5.728835463523864746e-01
2.733546793460845947e-01
-1.382894068956375122e-01
-2.500226795673370361e-01
5.273408293724060059e-01
-7.329872846603393555e-01
-7.952767014503479004e-01
7.704530656337738037e-02
-2.656770050525665283e-01
3.249078094959259033e-01
-1.148524060845375061e-01
-4.262465536594390869e-01
7.319174408912658691e-01
-1.009212732315063477e+00
1.077014654874801636e-01
8.279857039451599121e-02
5.327534675598144531e-02
2.271564304828643799e-01
6.392510533332824707e-01
2.970224060118198395e-02
-6.880000233650207520e-01
5.386688113212585449e-01
7.969872951507568359e-01
7.148866057395935059e-01
6.809165477752685547e-01
