5.294067263603210449e-01
-4.294779896736145020e-02
5.063264369964599609e-01
4.568355977535247803e-01
-5.596346855163574219e-01
2.826925516128540039e-01
-5.707204341888427734e-01
-3.116068542003631592e-01
-6.535582542419433594e-01
4.839194118976593018e-01
2.463263124227523804e-01
3.915036916732788086e-01
-1.712183505296707153e-01
-6.741825342178344727e-01
3.564316630363464355e-01
6.237564682960510254e-01
-5.209168195724487305e-01
3.139302134513854980e-01
-5.964899063110351562e-01
-5.262453556060791016e-01
-7.973903417587280273e-01
-2.521898746490478516e-01
4.689091444015502930e-01
-5.818102881312370300e-02
-4.330564141273498535e-01
7.391814589500427246e-01
6.205348968505859375e-01
-6.406104564666748047e-01
2.623816132545471191e-01
6.191058158874511719e-01
