-6.584506034851074219e-01
3.147001564502716064e-01
2.671306431293487549e-01
6.491226702928543091e-02
-3.083902299404144287e-01
5.112050771713256836e-01
-3.165051341056823730e-01
-9.632378816604614258e-03
2.266300022602081299e-01
1.702445000410079956e-01
4.201069176197052002e-01
5.168115496635437012e-01
-1.101288795471191406e+00
-8.763337731361389160e-01
5.989329814910888672e-01
3.725707903504371643e-02
-4.445686638355255127e-01
-2.970427460968494415e-02
-3.016624450683593750e-01
2.695224285125732422e-01
3.394235372543334961e-01
1.436102986335754395e-01
6.426032781600952148e-01
-6.940966844558715820e-01
2.998817563056945801e-01
6.588165462017059326e-02
-2.455761581659317017e-01
-1.898622065782546997e-01
7.848515510559082031e-01
-7.072412967681884766e-01
