-3.577906489372253418e-01
3.599330186843872070e-01
1.998177766799926758e-01
-4.697068929672241211e-01
4.992364048957824707e-01
-4.228139519691467285e-01
-1.619979292154312134e-01
-3.241636157035827637e-01
-4.531734064221382141e-02
-3.779288232326507568e-01
5.174164772033691406e-01
1.256347149610519409e-01
-6.545761227607727051e-01
-1.911731511354446411e-01
5.408981442451477051e-01
-2.487253993749618530e-01
-5.013111233711242676e-02
-3.360523283481597900e-01
-4.660094976425170898e-01
-5.539610981941223145e-01
-3.662443533539772034e-02
-3.957556486129760742e-01
-3.186491131782531738e-01
-3.542398214340209961e-01
2.612950503826141357e-01
5.149673819541931152e-01
-5.932858586311340332e-01
-4.113613963127136230e-01
-1.273952983319759369e-02
-1.386599801480770111e-02
