9.471163153648376465e-02
-5.123312473297119141e-01
9.616097807884216309e-02
-7.342970371246337891e-01
4.215242266654968262e-01
9.269820898771286011e-02
-3.673568665981292725e-01
-4.294230639934539795e-01
-8.258257061243057251e-02
-1.806150674819946289e-01
4.062545299530029297e-01
-1.101634576916694641e-01
-5.728988647460937500e-01
2.750890254974365234e-01
-1.415046751499176025e-01
3.572903946042060852e-02
4.166594743728637695e-01
3.622646033763885498e-01
-1.118420138955116272e-01
7.901190966367721558e-02
-3.281765878200531006e-01
-3.885088264942169189e-01
3.047853708267211914e-01
-3.458505868911743164e-01
-2.075969129800796509e-01
-4.714501500129699707e-01
2.177609801292419434e-01
-2.691511213779449463e-01
1.521510928869247437e-01
8.126615881919860840e-01
