3.142323195934295654e-01
-3.870675563812255859e-01
-5.329537764191627502e-02
2.849433422088623047e-01
-6.001557707786560059e-01
-4.496205449104309082e-01
1.863977462053298950e-01
3.483881056308746338e-01
-3.281036764383316040e-02
1.532514244318008423e-01
4.418355971574783325e-02
3.215652108192443848e-01
1.360636502504348755e-01
2.543439157307147980e-02
-2.790871560573577881e-01
-3.568557798862457275e-01
-2.860948443412780762e-01
-1.498887240886688232e-01
9.070435538887977600e-03
3.921963572502136230e-01
3.600014448165893555e-01
-3.607563674449920654e-01
-5.363603830337524414e-01
-4.448991268873214722e-02
-2.198209911584854126e-01
-1.076313033699989319e-01
2.360323667526245117e-01
-4.071851670742034912e-01
-3.769558966159820557e-01
2.489885836839675903e-01
