-7.538573741912841797e-01
2.623967826366424561e-01
9.860227108001708984e-01
-1.298104673624038696e-01
-9.067838639020919800e-02
-9.490377455949783325e-02
-5.074539780616760254e-01
-7.141201943159103394e-02
3.526772260665893555e-01
-1.226372122764587402e+00
-2.580086588859558105e-01
-1.176964402198791504e+00
6.098900735378265381e-02
6.359155178070068359e-01
3.250603377819061279e-01
-4.144549071788787842e-01
-3.836317360401153564e-01
4.170793890953063965e-01
-6.036519408226013184e-01
-2.428843080997467041e-01
-1.400287598371505737e-01
-8.378984928131103516e-01
4.213208854198455811e-01
3.429527580738067627e-01
6.694480776786804199e-01
7.160636782646179199e-01
-1.552236527204513550e-01
-6.237148866057395935e-02
3.333863019943237305e-01
9.446054697036743164e-02
