1.840752214193344116e-01
-3.893481194972991943e-01
-4.975913166999816895e-01
6.871024966239929199e-01
-5.796099901199340820e-01
-1.451473981142044067e-01
-4.787569046020507812e-01
-2.337965518236160278e-01
-4.615659639239311218e-02
-4.923391342163085938e-01
5.865612626075744629e-01
-3.046388328075408936e-01
-3.144577741622924805e-01
-6.716596484184265137e-01
7.418488860130310059e-01
-3.421361446380615234e-01
4.752225056290626526e-02
-2.182106971740722656e-01
-1.001993298530578613e+00
-7.915637493133544922e-01
1.513065844774246216e-01
1.753566861152648926e-01
5.557279586791992188e-01
-9.679908752441406250e-01
-8.884947299957275391e-01
-1.802333444356918335e-01
-8.697409629821777344e-01
-6.305910348892211914e-01
-2.930023670196533203e-01
-8.699378967285156250e-01
