6.164356693625450134e-02
2.631298899650573730e-01
1.716074198484420776e-01
-4.077641665935516357e-01
-8.280822075903415680e-03
-4.648744165897369385e-01
1.053084850311279297e+00
3.513789474964141846e-01
8.792385458946228027e-03
4.957670345902442932e-02
-1.277609914541244507e-01
-3.029329776763916016e-01
1.167432591319084167e-02
4.015389829874038696e-02
4.959677159786224365e-01
4.914467632770538330e-01
1.772308200597763062e-01
-1.327146589756011963e-01
-2.440912872552871704e-01
-1.095221266150474548e-01
1.844514608383178711e-01
1.100059971213340759e-02
3.704310953617095947e-01
-4.524395763874053955e-01
-4.108293652534484863e-01
-1.320600658655166626e-01
-2.722972072660923004e-02
4.155323505401611328e-01
8.184541016817092896e-02
-8.830192685127258301e-02
