3.369812071323394775e-01
5.860104560852050781e-01
5.067088603973388672e-01
-1.256668448448181152e+00
4.673407673835754395e-01
-2.942742109298706055e-01
1.118818521499633789e+00
5.335319042205810547e-01
-7.402319908142089844e-01
-1.009762763977050781e+00
-3.474897444248199463e-01
-7.734490036964416504e-01
2.854023873805999756e-01
-3.116680979728698730e-01
-9.834678769111633301e-01
-3.551853299140930176e-01
9.208915233612060547e-01
-3.058860301971435547e-01
2.627035081386566162e-01
-7.262290120124816895e-01
-1.251485347747802734e+00
4.851357936859130859e-01
3.457571268081665039e-01
-1.344544738531112671e-01
-5.923897624015808105e-01
5.465261936187744141e-01
6.853793263435363770e-01
8.168540000915527344e-01
-7.401247620582580566e-01
-1.307166069746017456e-01
