9.491164237260818481e-02
-1.652742624282836914e-01
3.867698833346366882e-02
-3.673692643642425537e-01
1.489682048559188843e-01
1.340538114309310913e-01
5.395401120185852051e-01
-9.075435996055603027e-02
-2.061362862586975098e-01
2.278719693422317505e-01
-2.322295606136322021e-01
-2.846783697605133057e-01
1.623848527669906616e-01
-1.521565020084381104e-01
1.068581361323595047e-02
-2.370979487895965576e-01
3.195057064294815063e-02
2.462455928325653076e-01
-2.868367135524749756e-01
1.308848261833190918e-01
-3.496407270431518555e-01
-2.103841863572597504e-02
2.984113097190856934e-01
1.418678164482116699e-01
1.526112109422683716e-01
4.566760659217834473e-01
-4.193861037492752075e-02
1.228148862719535828e-01
-1.278083175420761108e-01
-1.561884135007858276e-01
