-4.019085168838500977e-01
4.292702376842498779e-01
-8.005738854408264160e-01
8.913820981979370117e-02
5.053322389721870422e-02
-5.660626888275146484e-01
-6.647507548332214355e-01
-6.866348385810852051e-01
-2.931419610977172852e-01
-9.394501447677612305e-01
3.373335599899291992e-01
4.774547740817070007e-02
1.454488337039947510e-01
-5.011296272277832031e-01
3.633704483509063721e-01
-1.289093941450119019e-01
1.952838897705078125e-01
-3.287476301193237305e-01
-1.006051540374755859e+00
3.570254445075988770e-01
9.932595491409301758e-02
7.230650186538696289e-01
3.523871600627899170e-01
-7.915085554122924805e-01
-6.325681805610656738e-01
4.193240702152252197e-01
-4.794611036777496338e-01
1.283465977758169174e-02
4.073698818683624268e-01
-3.061374425888061523e-01
