1.526199979707598686e-03
7.090342044830322266e-01
3.514421582221984863e-01
-9.883338212966918945e-01
-4.796660542488098145e-01
-4.548000693321228027e-01
6.589711904525756836e-01
6.065292358398437500e-01
-2.332736738026142120e-02
-9.320915341377258301e-01
-8.441448956727981567e-02
-4.845444560050964355e-01
-1.855428069829940796e-01
-1.969550848007202148e-01
1.651241630315780640e-01
3.847446441650390625e-01
-2.489136718213558197e-02
4.355674684047698975e-01
-2.111004441976547241e-01
-6.246513128280639648e-01
4.334257915616035461e-02
-1.907689422369003296e-01
5.015847086906433105e-01
3.965044915676116943e-01
7.292613983154296875e-01
-3.478974103927612305e-01
-4.304307997226715088e-01
7.862965464591979980e-01
7.743604779243469238e-01
-1.721940040588378906e-01
