-5.940477922558784485e-02
-4.889832809567451477e-02
1.924660354852676392e-01
2.511222660541534424e-01
-4.237185418605804443e-02
7.065691798925399780e-02
-1.256818473339080811e-01
-1.029263213276863098e-01
-2.024198919534683228e-01
1.399884000420570374e-02
-5.455246940255165100e-02
-1.913197934627532959e-01
1.664048731327056885e-01
-2.301320582628250122e-01
-1.982143968343734741e-01
1.123848855495452881e-01
-6.319459527730941772e-02
-8.332375437021255493e-03
-5.708016082644462585e-02
-2.926544547080993652e-01
-3.354877531528472900e-01
-3.722862303256988525e-01
9.486600756645202637e-02
1.497969031333923340e-01
-4.134412109851837158e-02
-1.546475440263748169e-01
-2.707613110542297363e-01
1.464138031005859375e-01
1.680179536342620850e-01
5.608622431755065918e-01
